# Absorption coefficients
# Pure CO
# Wavenumber range: 500-1500 cm-1, T: 296 K, P: 1 atm, step: 1 cm-1, Profile: Voigt, Wing: 50 HW, Scut: 1e-28 cm/mol
# KNa, Ka and thier units definition in Eqs(2)-(3) of  https://spectra.iao.ru/home.sim-theory.sp-functions.
# WN,cm-1           KNa,cm-1       Ka,cm**2/molecule (FORMAT F12.6,3X,E17.10,3X,E17.10)

  500.000000    0.0000000000E+00    0.0000000000E+00
  501.000000    0.0000000000E+00    0.0000000000E+00
  502.000000    0.0000000000E+00    0.0000000000E+00
  503.000000    0.0000000000E+00    0.0000000000E+00
  504.000000    0.0000000000E+00    0.0000000000E+00
  505.000000    0.0000000000E+00    0.0000000000E+00
  506.000000    0.0000000000E+00    0.0000000000E+00
  507.000000    0.0000000000E+00    0.0000000000E+00
  508.000000    0.0000000000E+00    0.0000000000E+00
  509.000000    0.0000000000E+00    0.0000000000E+00
  510.000000    0.0000000000E+00    0.0000000000E+00
  511.000000    0.0000000000E+00    0.0000000000E+00
  512.000000    0.0000000000E+00    0.0000000000E+00
  513.000000    0.0000000000E+00    0.0000000000E+00
  514.000000    0.0000000000E+00    0.0000000000E+00
  515.000000    0.0000000000E+00    0.0000000000E+00
  516.000000    0.0000000000E+00    0.0000000000E+00
  517.000000    0.0000000000E+00    0.0000000000E+00
  518.000000    0.0000000000E+00    0.0000000000E+00
  519.000000    0.0000000000E+00    0.0000000000E+00
  520.000000    0.0000000000E+00    0.0000000000E+00
  521.000000    0.0000000000E+00    0.0000000000E+00
  522.000000    0.0000000000E+00    0.0000000000E+00
  523.000000    0.0000000000E+00    0.0000000000E+00
  524.000000    0.0000000000E+00    0.0000000000E+00
  525.000000    0.0000000000E+00    0.0000000000E+00
  526.000000    0.0000000000E+00    0.0000000000E+00
  527.000000    0.0000000000E+00    0.0000000000E+00
  528.000000    0.0000000000E+00    0.0000000000E+00
  529.000000    0.0000000000E+00    0.0000000000E+00
  530.000000    0.0000000000E+00    0.0000000000E+00
  531.000000    0.0000000000E+00    0.0000000000E+00
  532.000000    0.0000000000E+00    0.0000000000E+00
  533.000000    0.0000000000E+00    0.0000000000E+00
  534.000000    0.0000000000E+00    0.0000000000E+00
  535.000000    0.0000000000E+00    0.0000000000E+00
  536.000000    0.0000000000E+00    0.0000000000E+00
  537.000000    0.0000000000E+00    0.0000000000E+00
  538.000000    0.0000000000E+00    0.0000000000E+00
  539.000000    0.0000000000E+00    0.0000000000E+00
  540.000000    0.0000000000E+00    0.0000000000E+00
  541.000000    0.0000000000E+00    0.0000000000E+00
  542.000000    0.0000000000E+00    0.0000000000E+00
  543.000000    0.0000000000E+00    0.0000000000E+00
  544.000000    0.0000000000E+00    0.0000000000E+00
  545.000000    0.0000000000E+00    0.0000000000E+00
  546.000000    0.0000000000E+00    0.0000000000E+00
  547.000000    0.0000000000E+00    0.0000000000E+00
  548.000000    0.0000000000E+00    0.0000000000E+00
  549.000000    0.0000000000E+00    0.0000000000E+00
  550.000000    0.0000000000E+00    0.0000000000E+00
  551.000000    0.0000000000E+00    0.0000000000E+00
  552.000000    0.0000000000E+00    0.0000000000E+00
  553.000000    0.0000000000E+00    0.0000000000E+00
  554.000000    0.0000000000E+00    0.0000000000E+00
  555.000000    0.0000000000E+00    0.0000000000E+00
  556.000000    0.0000000000E+00    0.0000000000E+00
  557.000000    0.0000000000E+00    0.0000000000E+00
  558.000000    0.0000000000E+00    0.0000000000E+00
  559.000000    0.0000000000E+00    0.0000000000E+00
  560.000000    0.0000000000E+00    0.0000000000E+00
  561.000000    0.0000000000E+00    0.0000000000E+00
  562.000000    0.0000000000E+00    0.0000000000E+00
  563.000000    0.0000000000E+00    0.0000000000E+00
  564.000000    0.0000000000E+00    0.0000000000E+00
  565.000000    0.0000000000E+00    0.0000000000E+00
  566.000000    0.0000000000E+00    0.0000000000E+00
  567.000000    0.0000000000E+00    0.0000000000E+00
  568.000000    0.0000000000E+00    0.0000000000E+00
  569.000000    0.0000000000E+00    0.0000000000E+00
  570.000000    0.0000000000E+00    0.0000000000E+00
  571.000000    0.0000000000E+00    0.0000000000E+00
  572.000000    0.0000000000E+00    0.0000000000E+00
  573.000000    0.0000000000E+00    0.0000000000E+00
  574.000000    0.0000000000E+00    0.0000000000E+00
  575.000000    0.0000000000E+00    0.0000000000E+00
  576.000000    0.0000000000E+00    0.0000000000E+00
  577.000000    0.0000000000E+00    0.0000000000E+00
  578.000000    0.0000000000E+00    0.0000000000E+00
  579.000000    0.0000000000E+00    0.0000000000E+00
  580.000000    0.0000000000E+00    0.0000000000E+00
  581.000000    0.0000000000E+00    0.0000000000E+00
  582.000000    0.0000000000E+00    0.0000000000E+00
  583.000000    0.0000000000E+00    0.0000000000E+00
  584.000000    0.0000000000E+00    0.0000000000E+00
  585.000000    0.0000000000E+00    0.0000000000E+00
  586.000000    0.0000000000E+00    0.0000000000E+00
  587.000000    0.0000000000E+00    0.0000000000E+00
  588.000000    0.0000000000E+00    0.0000000000E+00
  589.000000    0.0000000000E+00    0.0000000000E+00
  590.000000    0.0000000000E+00    0.0000000000E+00
  591.000000    0.0000000000E+00    0.0000000000E+00
  592.000000    0.0000000000E+00    0.0000000000E+00
  593.000000    0.0000000000E+00    0.0000000000E+00
  594.000000    0.0000000000E+00    0.0000000000E+00
  595.000000    0.0000000000E+00    0.0000000000E+00
  596.000000    0.0000000000E+00    0.0000000000E+00
  597.000000    0.0000000000E+00    0.0000000000E+00
  598.000000    0.0000000000E+00    0.0000000000E+00
  599.000000    0.0000000000E+00    0.0000000000E+00
  600.000000    0.0000000000E+00    0.0000000000E+00
  601.000000    0.0000000000E+00    0.0000000000E+00
  602.000000    0.0000000000E+00    0.0000000000E+00
  603.000000    0.0000000000E+00    0.0000000000E+00
  604.000000    0.0000000000E+00    0.0000000000E+00
  605.000000    0.0000000000E+00    0.0000000000E+00
  606.000000    0.0000000000E+00    0.0000000000E+00
  607.000000    0.0000000000E+00    0.0000000000E+00
  608.000000    0.0000000000E+00    0.0000000000E+00
  609.000000    0.0000000000E+00    0.0000000000E+00
  610.000000    0.0000000000E+00    0.0000000000E+00
  611.000000    0.0000000000E+00    0.0000000000E+00
  612.000000    0.0000000000E+00    0.0000000000E+00
  613.000000    0.0000000000E+00    0.0000000000E+00
  614.000000    0.0000000000E+00    0.0000000000E+00
  615.000000    0.0000000000E+00    0.0000000000E+00
  616.000000    0.0000000000E+00    0.0000000000E+00
  617.000000    0.0000000000E+00    0.0000000000E+00
  618.000000    0.0000000000E+00    0.0000000000E+00
  619.000000    0.0000000000E+00    0.0000000000E+00
  620.000000    0.0000000000E+00    0.0000000000E+00
  621.000000    0.0000000000E+00    0.0000000000E+00
  622.000000    0.0000000000E+00    0.0000000000E+00
  623.000000    0.0000000000E+00    0.0000000000E+00
  624.000000    0.0000000000E+00    0.0000000000E+00
  625.000000    0.0000000000E+00    0.0000000000E+00
  626.000000    0.0000000000E+00    0.0000000000E+00
  627.000000    0.0000000000E+00    0.0000000000E+00
  628.000000    0.0000000000E+00    0.0000000000E+00
  629.000000    0.0000000000E+00    0.0000000000E+00
  630.000000    0.0000000000E+00    0.0000000000E+00
  631.000000    0.0000000000E+00    0.0000000000E+00
  632.000000    0.0000000000E+00    0.0000000000E+00
  633.000000    0.0000000000E+00    0.0000000000E+00
  634.000000    0.0000000000E+00    0.0000000000E+00
  635.000000    0.0000000000E+00    0.0000000000E+00
  636.000000    0.0000000000E+00    0.0000000000E+00
  637.000000    0.0000000000E+00    0.0000000000E+00
  638.000000    0.0000000000E+00    0.0000000000E+00
  639.000000    0.0000000000E+00    0.0000000000E+00
  640.000000    0.0000000000E+00    0.0000000000E+00
  641.000000    0.0000000000E+00    0.0000000000E+00
  642.000000    0.0000000000E+00    0.0000000000E+00
  643.000000    0.0000000000E+00    0.0000000000E+00
  644.000000    0.0000000000E+00    0.0000000000E+00
  645.000000    0.0000000000E+00    0.0000000000E+00
  646.000000    0.0000000000E+00    0.0000000000E+00
  647.000000    0.0000000000E+00    0.0000000000E+00
  648.000000    0.0000000000E+00    0.0000000000E+00
  649.000000    0.0000000000E+00    0.0000000000E+00
  650.000000    0.0000000000E+00    0.0000000000E+00
  651.000000    0.0000000000E+00    0.0000000000E+00
  652.000000    0.0000000000E+00    0.0000000000E+00
  653.000000    0.0000000000E+00    0.0000000000E+00
  654.000000    0.0000000000E+00    0.0000000000E+00
  655.000000    0.0000000000E+00    0.0000000000E+00
  656.000000    0.0000000000E+00    0.0000000000E+00
  657.000000    0.0000000000E+00    0.0000000000E+00
  658.000000    0.0000000000E+00    0.0000000000E+00
  659.000000    0.0000000000E+00    0.0000000000E+00
  660.000000    0.0000000000E+00    0.0000000000E+00
  661.000000    0.0000000000E+00    0.0000000000E+00
  662.000000    0.0000000000E+00    0.0000000000E+00
  663.000000    0.0000000000E+00    0.0000000000E+00
  664.000000    0.0000000000E+00    0.0000000000E+00
  665.000000    0.0000000000E+00    0.0000000000E+00
  666.000000    0.0000000000E+00    0.0000000000E+00
  667.000000    0.0000000000E+00    0.0000000000E+00
  668.000000    0.0000000000E+00    0.0000000000E+00
  669.000000    0.0000000000E+00    0.0000000000E+00
  670.000000    0.0000000000E+00    0.0000000000E+00
  671.000000    0.0000000000E+00    0.0000000000E+00
  672.000000    0.0000000000E+00    0.0000000000E+00
  673.000000    0.0000000000E+00    0.0000000000E+00
  674.000000    0.0000000000E+00    0.0000000000E+00
  675.000000    0.0000000000E+00    0.0000000000E+00
  676.000000    0.0000000000E+00    0.0000000000E+00
  677.000000    0.0000000000E+00    0.0000000000E+00
  678.000000    0.0000000000E+00    0.0000000000E+00
  679.000000    0.0000000000E+00    0.0000000000E+00
  680.000000    0.0000000000E+00    0.0000000000E+00
  681.000000    0.0000000000E+00    0.0000000000E+00
  682.000000    0.0000000000E+00    0.0000000000E+00
  683.000000    0.0000000000E+00    0.0000000000E+00
  684.000000    0.0000000000E+00    0.0000000000E+00
  685.000000    0.0000000000E+00    0.0000000000E+00
  686.000000    0.0000000000E+00    0.0000000000E+00
  687.000000    0.0000000000E+00    0.0000000000E+00
  688.000000    0.0000000000E+00    0.0000000000E+00
  689.000000    0.0000000000E+00    0.0000000000E+00
  690.000000    0.0000000000E+00    0.0000000000E+00
  691.000000    0.0000000000E+00    0.0000000000E+00
  692.000000    0.0000000000E+00    0.0000000000E+00
  693.000000    0.0000000000E+00    0.0000000000E+00
  694.000000    0.0000000000E+00    0.0000000000E+00
  695.000000    0.0000000000E+00    0.0000000000E+00
  696.000000    0.0000000000E+00    0.0000000000E+00
  697.000000    0.0000000000E+00    0.0000000000E+00
  698.000000    0.0000000000E+00    0.0000000000E+00
  699.000000    0.0000000000E+00    0.0000000000E+00
  700.000000    0.0000000000E+00    0.0000000000E+00
  701.000000    0.0000000000E+00    0.0000000000E+00
  702.000000    0.0000000000E+00    0.0000000000E+00
  703.000000    0.0000000000E+00    0.0000000000E+00
  704.000000    0.0000000000E+00    0.0000000000E+00
  705.000000    0.0000000000E+00    0.0000000000E+00
  706.000000    0.0000000000E+00    0.0000000000E+00
  707.000000    0.0000000000E+00    0.0000000000E+00
  708.000000    0.0000000000E+00    0.0000000000E+00
  709.000000    0.0000000000E+00    0.0000000000E+00
  710.000000    0.0000000000E+00    0.0000000000E+00
  711.000000    0.0000000000E+00    0.0000000000E+00
  712.000000    0.0000000000E+00    0.0000000000E+00
  713.000000    0.0000000000E+00    0.0000000000E+00
  714.000000    0.0000000000E+00    0.0000000000E+00
  715.000000    0.0000000000E+00    0.0000000000E+00
  716.000000    0.0000000000E+00    0.0000000000E+00
  717.000000    0.0000000000E+00    0.0000000000E+00
  718.000000    0.0000000000E+00    0.0000000000E+00
  719.000000    0.0000000000E+00    0.0000000000E+00
  720.000000    0.0000000000E+00    0.0000000000E+00
  721.000000    0.0000000000E+00    0.0000000000E+00
  722.000000    0.0000000000E+00    0.0000000000E+00
  723.000000    0.0000000000E+00    0.0000000000E+00
  724.000000    0.0000000000E+00    0.0000000000E+00
  725.000000    0.0000000000E+00    0.0000000000E+00
  726.000000    0.0000000000E+00    0.0000000000E+00
  727.000000    0.0000000000E+00    0.0000000000E+00
  728.000000    0.0000000000E+00    0.0000000000E+00
  729.000000    0.0000000000E+00    0.0000000000E+00
  730.000000    0.0000000000E+00    0.0000000000E+00
  731.000000    0.0000000000E+00    0.0000000000E+00
  732.000000    0.0000000000E+00    0.0000000000E+00
  733.000000    0.0000000000E+00    0.0000000000E+00
  734.000000    0.0000000000E+00    0.0000000000E+00
  735.000000    0.0000000000E+00    0.0000000000E+00
  736.000000    0.0000000000E+00    0.0000000000E+00
  737.000000    0.0000000000E+00    0.0000000000E+00
  738.000000    0.0000000000E+00    0.0000000000E+00
  739.000000    0.0000000000E+00    0.0000000000E+00
  740.000000    0.0000000000E+00    0.0000000000E+00
  741.000000    0.0000000000E+00    0.0000000000E+00
  742.000000    0.0000000000E+00    0.0000000000E+00
  743.000000    0.0000000000E+00    0.0000000000E+00
  744.000000    0.0000000000E+00    0.0000000000E+00
  745.000000    0.0000000000E+00    0.0000000000E+00
  746.000000    0.0000000000E+00    0.0000000000E+00
  747.000000    0.0000000000E+00    0.0000000000E+00
  748.000000    0.0000000000E+00    0.0000000000E+00
  749.000000    0.0000000000E+00    0.0000000000E+00
  750.000000    0.0000000000E+00    0.0000000000E+00
  751.000000    0.0000000000E+00    0.0000000000E+00
  752.000000    0.0000000000E+00    0.0000000000E+00
  753.000000    0.0000000000E+00    0.0000000000E+00
  754.000000    0.0000000000E+00    0.0000000000E+00
  755.000000    0.0000000000E+00    0.0000000000E+00
  756.000000    0.0000000000E+00    0.0000000000E+00
  757.000000    0.0000000000E+00    0.0000000000E+00
  758.000000    0.0000000000E+00    0.0000000000E+00
  759.000000    0.0000000000E+00    0.0000000000E+00
  760.000000    0.0000000000E+00    0.0000000000E+00
  761.000000    0.0000000000E+00    0.0000000000E+00
  762.000000    0.0000000000E+00    0.0000000000E+00
  763.000000    0.0000000000E+00    0.0000000000E+00
  764.000000    0.0000000000E+00    0.0000000000E+00
  765.000000    0.0000000000E+00    0.0000000000E+00
  766.000000    0.0000000000E+00    0.0000000000E+00
  767.000000    0.0000000000E+00    0.0000000000E+00
  768.000000    0.0000000000E+00    0.0000000000E+00
  769.000000    0.0000000000E+00    0.0000000000E+00
  770.000000    0.0000000000E+00    0.0000000000E+00
  771.000000    0.0000000000E+00    0.0000000000E+00
  772.000000    0.0000000000E+00    0.0000000000E+00
  773.000000    0.0000000000E+00    0.0000000000E+00
  774.000000    0.0000000000E+00    0.0000000000E+00
  775.000000    0.0000000000E+00    0.0000000000E+00
  776.000000    0.0000000000E+00    0.0000000000E+00
  777.000000    0.0000000000E+00    0.0000000000E+00
  778.000000    0.0000000000E+00    0.0000000000E+00
  779.000000    0.0000000000E+00    0.0000000000E+00
  780.000000    0.0000000000E+00    0.0000000000E+00
  781.000000    0.0000000000E+00    0.0000000000E+00
  782.000000    0.0000000000E+00    0.0000000000E+00
  783.000000    0.0000000000E+00    0.0000000000E+00
  784.000000    0.0000000000E+00    0.0000000000E+00
  785.000000    0.0000000000E+00    0.0000000000E+00
  786.000000    0.0000000000E+00    0.0000000000E+00
  787.000000    0.0000000000E+00    0.0000000000E+00
  788.000000    0.0000000000E+00    0.0000000000E+00
  789.000000    0.0000000000E+00    0.0000000000E+00
  790.000000    0.0000000000E+00    0.0000000000E+00
  791.000000    0.0000000000E+00    0.0000000000E+00
  792.000000    0.0000000000E+00    0.0000000000E+00
  793.000000    0.0000000000E+00    0.0000000000E+00
  794.000000    0.0000000000E+00    0.0000000000E+00
  795.000000    0.0000000000E+00    0.0000000000E+00
  796.000000    0.0000000000E+00    0.0000000000E+00
  797.000000    0.0000000000E+00    0.0000000000E+00
  798.000000    0.0000000000E+00    0.0000000000E+00
  799.000000    0.0000000000E+00    0.0000000000E+00
  800.000000    0.0000000000E+00    0.0000000000E+00
  801.000000    0.0000000000E+00    0.0000000000E+00
  802.000000    0.0000000000E+00    0.0000000000E+00
  803.000000    0.0000000000E+00    0.0000000000E+00
  804.000000    0.0000000000E+00    0.0000000000E+00
  805.000000    0.0000000000E+00    0.0000000000E+00
  806.000000    0.0000000000E+00    0.0000000000E+00
  807.000000    0.0000000000E+00    0.0000000000E+00
  808.000000    0.0000000000E+00    0.0000000000E+00
  809.000000    0.0000000000E+00    0.0000000000E+00
  810.000000    0.0000000000E+00    0.0000000000E+00
  811.000000    0.0000000000E+00    0.0000000000E+00
  812.000000    0.0000000000E+00    0.0000000000E+00
  813.000000    0.0000000000E+00    0.0000000000E+00
  814.000000    0.0000000000E+00    0.0000000000E+00
  815.000000    0.0000000000E+00    0.0000000000E+00
  816.000000    0.0000000000E+00    0.0000000000E+00
  817.000000    0.0000000000E+00    0.0000000000E+00
  818.000000    0.0000000000E+00    0.0000000000E+00
  819.000000    0.0000000000E+00    0.0000000000E+00
  820.000000    0.0000000000E+00    0.0000000000E+00
  821.000000    0.0000000000E+00    0.0000000000E+00
  822.000000    0.0000000000E+00    0.0000000000E+00
  823.000000    0.0000000000E+00    0.0000000000E+00
  824.000000    0.0000000000E+00    0.0000000000E+00
  825.000000    0.0000000000E+00    0.0000000000E+00
  826.000000    0.0000000000E+00    0.0000000000E+00
  827.000000    0.0000000000E+00    0.0000000000E+00
  828.000000    0.0000000000E+00    0.0000000000E+00
  829.000000    0.0000000000E+00    0.0000000000E+00
  830.000000    0.0000000000E+00    0.0000000000E+00
  831.000000    0.0000000000E+00    0.0000000000E+00
  832.000000    0.0000000000E+00    0.0000000000E+00
  833.000000    0.0000000000E+00    0.0000000000E+00
  834.000000    0.0000000000E+00    0.0000000000E+00
  835.000000    0.0000000000E+00    0.0000000000E+00
  836.000000    0.0000000000E+00    0.0000000000E+00
  837.000000    0.0000000000E+00    0.0000000000E+00
  838.000000    0.0000000000E+00    0.0000000000E+00
  839.000000    0.0000000000E+00    0.0000000000E+00
  840.000000    0.0000000000E+00    0.0000000000E+00
  841.000000    0.0000000000E+00    0.0000000000E+00
  842.000000    0.0000000000E+00    0.0000000000E+00
  843.000000    0.0000000000E+00    0.0000000000E+00
  844.000000    0.0000000000E+00    0.0000000000E+00
  845.000000    0.0000000000E+00    0.0000000000E+00
  846.000000    0.0000000000E+00    0.0000000000E+00
  847.000000    0.0000000000E+00    0.0000000000E+00
  848.000000    0.0000000000E+00    0.0000000000E+00
  849.000000    0.0000000000E+00    0.0000000000E+00
  850.000000    0.0000000000E+00    0.0000000000E+00
  851.000000    0.0000000000E+00    0.0000000000E+00
  852.000000    0.0000000000E+00    0.0000000000E+00
  853.000000    0.0000000000E+00    0.0000000000E+00
  854.000000    0.0000000000E+00    0.0000000000E+00
  855.000000    0.0000000000E+00    0.0000000000E+00
  856.000000    0.0000000000E+00    0.0000000000E+00
  857.000000    0.0000000000E+00    0.0000000000E+00
  858.000000    0.0000000000E+00    0.0000000000E+00
  859.000000    0.0000000000E+00    0.0000000000E+00
  860.000000    0.0000000000E+00    0.0000000000E+00
  861.000000    0.0000000000E+00    0.0000000000E+00
  862.000000    0.0000000000E+00    0.0000000000E+00
  863.000000    0.0000000000E+00    0.0000000000E+00
  864.000000    0.0000000000E+00    0.0000000000E+00
  865.000000    0.0000000000E+00    0.0000000000E+00
  866.000000    0.0000000000E+00    0.0000000000E+00
  867.000000    0.0000000000E+00    0.0000000000E+00
  868.000000    0.0000000000E+00    0.0000000000E+00
  869.000000    0.0000000000E+00    0.0000000000E+00
  870.000000    0.0000000000E+00    0.0000000000E+00
  871.000000    0.0000000000E+00    0.0000000000E+00
  872.000000    0.0000000000E+00    0.0000000000E+00
  873.000000    0.0000000000E+00    0.0000000000E+00
  874.000000    0.0000000000E+00    0.0000000000E+00
  875.000000    0.0000000000E+00    0.0000000000E+00
  876.000000    0.0000000000E+00    0.0000000000E+00
  877.000000    0.0000000000E+00    0.0000000000E+00
  878.000000    0.0000000000E+00    0.0000000000E+00
  879.000000    0.0000000000E+00    0.0000000000E+00
  880.000000    0.0000000000E+00    0.0000000000E+00
  881.000000    0.0000000000E+00    0.0000000000E+00
  882.000000    0.0000000000E+00    0.0000000000E+00
  883.000000    0.0000000000E+00    0.0000000000E+00
  884.000000    0.0000000000E+00    0.0000000000E+00
  885.000000    0.0000000000E+00    0.0000000000E+00
  886.000000    0.0000000000E+00    0.0000000000E+00
  887.000000    0.0000000000E+00    0.0000000000E+00
  888.000000    0.0000000000E+00    0.0000000000E+00
  889.000000    0.0000000000E+00    0.0000000000E+00
  890.000000    0.0000000000E+00    0.0000000000E+00
  891.000000    0.0000000000E+00    0.0000000000E+00
  892.000000    0.0000000000E+00    0.0000000000E+00
  893.000000    0.0000000000E+00    0.0000000000E+00
  894.000000    0.0000000000E+00    0.0000000000E+00
  895.000000    0.0000000000E+00    0.0000000000E+00
  896.000000    0.0000000000E+00    0.0000000000E+00
  897.000000    0.0000000000E+00    0.0000000000E+00
  898.000000    0.0000000000E+00    0.0000000000E+00
  899.000000    0.0000000000E+00    0.0000000000E+00
  900.000000    0.0000000000E+00    0.0000000000E+00
  901.000000    0.0000000000E+00    0.0000000000E+00
  902.000000    0.0000000000E+00    0.0000000000E+00
  903.000000    0.0000000000E+00    0.0000000000E+00
  904.000000    0.0000000000E+00    0.0000000000E+00
  905.000000    0.0000000000E+00    0.0000000000E+00
  906.000000    0.0000000000E+00    0.0000000000E+00
  907.000000    0.0000000000E+00    0.0000000000E+00
  908.000000    0.0000000000E+00    0.0000000000E+00
  909.000000    0.0000000000E+00    0.0000000000E+00
  910.000000    0.0000000000E+00    0.0000000000E+00
  911.000000    0.0000000000E+00    0.0000000000E+00
  912.000000    0.0000000000E+00    0.0000000000E+00
  913.000000    0.0000000000E+00    0.0000000000E+00
  914.000000    0.0000000000E+00    0.0000000000E+00
  915.000000    0.0000000000E+00    0.0000000000E+00
  916.000000    0.0000000000E+00    0.0000000000E+00
  917.000000    0.0000000000E+00    0.0000000000E+00
  918.000000    0.0000000000E+00    0.0000000000E+00
  919.000000    0.0000000000E+00    0.0000000000E+00
  920.000000    0.0000000000E+00    0.0000000000E+00
  921.000000    0.0000000000E+00    0.0000000000E+00
  922.000000    0.0000000000E+00    0.0000000000E+00
  923.000000    0.0000000000E+00    0.0000000000E+00
  924.000000    0.0000000000E+00    0.0000000000E+00
  925.000000    0.0000000000E+00    0.0000000000E+00
  926.000000    0.0000000000E+00    0.0000000000E+00
  927.000000    0.0000000000E+00    0.0000000000E+00
  928.000000    0.0000000000E+00    0.0000000000E+00
  929.000000    0.0000000000E+00    0.0000000000E+00
  930.000000    0.0000000000E+00    0.0000000000E+00
  931.000000    0.0000000000E+00    0.0000000000E+00
  932.000000    0.0000000000E+00    0.0000000000E+00
  933.000000    0.0000000000E+00    0.0000000000E+00
  934.000000    0.0000000000E+00    0.0000000000E+00
  935.000000    0.0000000000E+00    0.0000000000E+00
  936.000000    0.0000000000E+00    0.0000000000E+00
  937.000000    0.0000000000E+00    0.0000000000E+00
  938.000000    0.0000000000E+00    0.0000000000E+00
  939.000000    0.0000000000E+00    0.0000000000E+00
  940.000000    0.0000000000E+00    0.0000000000E+00
  941.000000    0.0000000000E+00    0.0000000000E+00
  942.000000    0.0000000000E+00    0.0000000000E+00
  943.000000    0.0000000000E+00    0.0000000000E+00
  944.000000    0.0000000000E+00    0.0000000000E+00
  945.000000    0.0000000000E+00    0.0000000000E+00
  946.000000    0.0000000000E+00    0.0000000000E+00
  947.000000    0.0000000000E+00    0.0000000000E+00
  948.000000    0.0000000000E+00    0.0000000000E+00
  949.000000    0.0000000000E+00    0.0000000000E+00
  950.000000    0.0000000000E+00    0.0000000000E+00
  951.000000    0.0000000000E+00    0.0000000000E+00
  952.000000    0.0000000000E+00    0.0000000000E+00
  953.000000    0.0000000000E+00    0.0000000000E+00
  954.000000    0.0000000000E+00    0.0000000000E+00
  955.000000    0.0000000000E+00    0.0000000000E+00
  956.000000    0.0000000000E+00    0.0000000000E+00
  957.000000    0.0000000000E+00    0.0000000000E+00
  958.000000    0.0000000000E+00    0.0000000000E+00
  959.000000    0.0000000000E+00    0.0000000000E+00
  960.000000    0.0000000000E+00    0.0000000000E+00
  961.000000    0.0000000000E+00    0.0000000000E+00
  962.000000    0.0000000000E+00    0.0000000000E+00
  963.000000    0.0000000000E+00    0.0000000000E+00
  964.000000    0.0000000000E+00    0.0000000000E+00
  965.000000    0.0000000000E+00    0.0000000000E+00
  966.000000    0.0000000000E+00    0.0000000000E+00
  967.000000    0.0000000000E+00    0.0000000000E+00
  968.000000    0.0000000000E+00    0.0000000000E+00
  969.000000    0.0000000000E+00    0.0000000000E+00
  970.000000    0.0000000000E+00    0.0000000000E+00
  971.000000    0.0000000000E+00    0.0000000000E+00
  972.000000    0.0000000000E+00    0.0000000000E+00
  973.000000    0.0000000000E+00    0.0000000000E+00
  974.000000    0.0000000000E+00    0.0000000000E+00
  975.000000    0.0000000000E+00    0.0000000000E+00
  976.000000    0.0000000000E+00    0.0000000000E+00
  977.000000    0.0000000000E+00    0.0000000000E+00
  978.000000    0.0000000000E+00    0.0000000000E+00
  979.000000    0.0000000000E+00    0.0000000000E+00
  980.000000    0.0000000000E+00    0.0000000000E+00
  981.000000    0.0000000000E+00    0.0000000000E+00
  982.000000    0.0000000000E+00    0.0000000000E+00
  983.000000    0.0000000000E+00    0.0000000000E+00
  984.000000    0.0000000000E+00    0.0000000000E+00
  985.000000    0.0000000000E+00    0.0000000000E+00
  986.000000    0.0000000000E+00    0.0000000000E+00
  987.000000    0.0000000000E+00    0.0000000000E+00
  988.000000    0.0000000000E+00    0.0000000000E+00
  989.000000    0.0000000000E+00    0.0000000000E+00
  990.000000    0.0000000000E+00    0.0000000000E+00
  991.000000    0.0000000000E+00    0.0000000000E+00
  992.000000    0.0000000000E+00    0.0000000000E+00
  993.000000    0.0000000000E+00    0.0000000000E+00
  994.000000    0.0000000000E+00    0.0000000000E+00
  995.000000    0.0000000000E+00    0.0000000000E+00
  996.000000    0.0000000000E+00    0.0000000000E+00
  997.000000    0.0000000000E+00    0.0000000000E+00
  998.000000    0.0000000000E+00    0.0000000000E+00
  999.000000    0.0000000000E+00    0.0000000000E+00
 1000.000000    0.0000000000E+00    0.0000000000E+00
 1001.000000    0.0000000000E+00    0.0000000000E+00
 1002.000000    0.0000000000E+00    0.0000000000E+00
 1003.000000    0.0000000000E+00    0.0000000000E+00
 1004.000000    0.0000000000E+00    0.0000000000E+00
 1005.000000    0.0000000000E+00    0.0000000000E+00
 1006.000000    0.0000000000E+00    0.0000000000E+00
 1007.000000    0.0000000000E+00    0.0000000000E+00
 1008.000000    0.0000000000E+00    0.0000000000E+00
 1009.000000    0.0000000000E+00    0.0000000000E+00
 1010.000000    0.0000000000E+00    0.0000000000E+00
 1011.000000    0.0000000000E+00    0.0000000000E+00
 1012.000000    0.0000000000E+00    0.0000000000E+00
 1013.000000    0.0000000000E+00    0.0000000000E+00
 1014.000000    0.0000000000E+00    0.0000000000E+00
 1015.000000    0.0000000000E+00    0.0000000000E+00
 1016.000000    0.0000000000E+00    0.0000000000E+00
 1017.000000    0.0000000000E+00    0.0000000000E+00
 1018.000000    0.0000000000E+00    0.0000000000E+00
 1019.000000    0.0000000000E+00    0.0000000000E+00
 1020.000000    0.0000000000E+00    0.0000000000E+00
 1021.000000    0.0000000000E+00    0.0000000000E+00
 1022.000000    0.0000000000E+00    0.0000000000E+00
 1023.000000    0.0000000000E+00    0.0000000000E+00
 1024.000000    0.0000000000E+00    0.0000000000E+00
 1025.000000    0.0000000000E+00    0.0000000000E+00
 1026.000000    0.0000000000E+00    0.0000000000E+00
 1027.000000    0.0000000000E+00    0.0000000000E+00
 1028.000000    0.0000000000E+00    0.0000000000E+00
 1029.000000    0.0000000000E+00    0.0000000000E+00
 1030.000000    0.0000000000E+00    0.0000000000E+00
 1031.000000    0.0000000000E+00    0.0000000000E+00
 1032.000000    0.0000000000E+00    0.0000000000E+00
 1033.000000    0.0000000000E+00    0.0000000000E+00
 1034.000000    0.0000000000E+00    0.0000000000E+00
 1035.000000    0.0000000000E+00    0.0000000000E+00
 1036.000000    0.0000000000E+00    0.0000000000E+00
 1037.000000    0.0000000000E+00    0.0000000000E+00
 1038.000000    0.0000000000E+00    0.0000000000E+00
 1039.000000    0.0000000000E+00    0.0000000000E+00
 1040.000000    0.0000000000E+00    0.0000000000E+00
 1041.000000    0.0000000000E+00    0.0000000000E+00
 1042.000000    0.0000000000E+00    0.0000000000E+00
 1043.000000    0.0000000000E+00    0.0000000000E+00
 1044.000000    0.0000000000E+00    0.0000000000E+00
 1045.000000    0.0000000000E+00    0.0000000000E+00
 1046.000000    0.0000000000E+00    0.0000000000E+00
 1047.000000    0.0000000000E+00    0.0000000000E+00
 1048.000000    0.0000000000E+00    0.0000000000E+00
 1049.000000    0.0000000000E+00    0.0000000000E+00
 1050.000000    0.0000000000E+00    0.0000000000E+00
 1051.000000    0.0000000000E+00    0.0000000000E+00
 1052.000000    0.0000000000E+00    0.0000000000E+00
 1053.000000    0.0000000000E+00    0.0000000000E+00
 1054.000000    0.0000000000E+00    0.0000000000E+00
 1055.000000    0.0000000000E+00    0.0000000000E+00
 1056.000000    0.0000000000E+00    0.0000000000E+00
 1057.000000    0.0000000000E+00    0.0000000000E+00
 1058.000000    0.0000000000E+00    0.0000000000E+00
 1059.000000    0.0000000000E+00    0.0000000000E+00
 1060.000000    0.0000000000E+00    0.0000000000E+00
 1061.000000    0.0000000000E+00    0.0000000000E+00
 1062.000000    0.0000000000E+00    0.0000000000E+00
 1063.000000    0.0000000000E+00    0.0000000000E+00
 1064.000000    0.0000000000E+00    0.0000000000E+00
 1065.000000    0.0000000000E+00    0.0000000000E+00
 1066.000000    0.0000000000E+00    0.0000000000E+00
 1067.000000    0.0000000000E+00    0.0000000000E+00
 1068.000000    0.0000000000E+00    0.0000000000E+00
 1069.000000    0.0000000000E+00    0.0000000000E+00
 1070.000000    0.0000000000E+00    0.0000000000E+00
 1071.000000    0.0000000000E+00    0.0000000000E+00
 1072.000000    0.0000000000E+00    0.0000000000E+00
 1073.000000    0.0000000000E+00    0.0000000000E+00
 1074.000000    0.0000000000E+00    0.0000000000E+00
 1075.000000    0.0000000000E+00    0.0000000000E+00
 1076.000000    0.0000000000E+00    0.0000000000E+00
 1077.000000    0.0000000000E+00    0.0000000000E+00
 1078.000000    0.0000000000E+00    0.0000000000E+00
 1079.000000    0.0000000000E+00    0.0000000000E+00
 1080.000000    0.0000000000E+00    0.0000000000E+00
 1081.000000    0.0000000000E+00    0.0000000000E+00
 1082.000000    0.0000000000E+00    0.0000000000E+00
 1083.000000    0.0000000000E+00    0.0000000000E+00
 1084.000000    0.0000000000E+00    0.0000000000E+00
 1085.000000    0.0000000000E+00    0.0000000000E+00
 1086.000000    0.0000000000E+00    0.0000000000E+00
 1087.000000    0.0000000000E+00    0.0000000000E+00
 1088.000000    0.0000000000E+00    0.0000000000E+00
 1089.000000    0.0000000000E+00    0.0000000000E+00
 1090.000000    0.0000000000E+00    0.0000000000E+00
 1091.000000    0.0000000000E+00    0.0000000000E+00
 1092.000000    0.0000000000E+00    0.0000000000E+00
 1093.000000    0.0000000000E+00    0.0000000000E+00
 1094.000000    0.0000000000E+00    0.0000000000E+00
 1095.000000    0.0000000000E+00    0.0000000000E+00
 1096.000000    0.0000000000E+00    0.0000000000E+00
 1097.000000    0.0000000000E+00    0.0000000000E+00
 1098.000000    0.0000000000E+00    0.0000000000E+00
 1099.000000    0.0000000000E+00    0.0000000000E+00
 1100.000000    0.0000000000E+00    0.0000000000E+00
 1101.000000    0.0000000000E+00    0.0000000000E+00
 1102.000000    0.0000000000E+00    0.0000000000E+00
 1103.000000    0.0000000000E+00    0.0000000000E+00
 1104.000000    0.0000000000E+00    0.0000000000E+00
 1105.000000    0.0000000000E+00    0.0000000000E+00
 1106.000000    0.0000000000E+00    0.0000000000E+00
 1107.000000    0.0000000000E+00    0.0000000000E+00
 1108.000000    0.0000000000E+00    0.0000000000E+00
 1109.000000    0.0000000000E+00    0.0000000000E+00
 1110.000000    0.0000000000E+00    0.0000000000E+00
 1111.000000    0.0000000000E+00    0.0000000000E+00
 1112.000000    0.0000000000E+00    0.0000000000E+00
 1113.000000    0.0000000000E+00    0.0000000000E+00
 1114.000000    0.0000000000E+00    0.0000000000E+00
 1115.000000    0.0000000000E+00    0.0000000000E+00
 1116.000000    0.0000000000E+00    0.0000000000E+00
 1117.000000    0.0000000000E+00    0.0000000000E+00
 1118.000000    0.0000000000E+00    0.0000000000E+00
 1119.000000    0.0000000000E+00    0.0000000000E+00
 1120.000000    0.0000000000E+00    0.0000000000E+00
 1121.000000    0.0000000000E+00    0.0000000000E+00
 1122.000000    0.0000000000E+00    0.0000000000E+00
 1123.000000    0.0000000000E+00    0.0000000000E+00
 1124.000000    0.0000000000E+00    0.0000000000E+00
 1125.000000    0.0000000000E+00    0.0000000000E+00
 1126.000000    0.0000000000E+00    0.0000000000E+00
 1127.000000    0.0000000000E+00    0.0000000000E+00
 1128.000000    0.0000000000E+00    0.0000000000E+00
 1129.000000    0.0000000000E+00    0.0000000000E+00
 1130.000000    0.0000000000E+00    0.0000000000E+00
 1131.000000    0.0000000000E+00    0.0000000000E+00
 1132.000000    0.0000000000E+00    0.0000000000E+00
 1133.000000    0.0000000000E+00    0.0000000000E+00
 1134.000000    0.0000000000E+00    0.0000000000E+00
 1135.000000    0.0000000000E+00    0.0000000000E+00
 1136.000000    0.0000000000E+00    0.0000000000E+00
 1137.000000    0.0000000000E+00    0.0000000000E+00
 1138.000000    0.0000000000E+00    0.0000000000E+00
 1139.000000    0.0000000000E+00    0.0000000000E+00
 1140.000000    0.0000000000E+00    0.0000000000E+00
 1141.000000    0.0000000000E+00    0.0000000000E+00
 1142.000000    0.0000000000E+00    0.0000000000E+00
 1143.000000    0.0000000000E+00    0.0000000000E+00
 1144.000000    0.0000000000E+00    0.0000000000E+00
 1145.000000    0.0000000000E+00    0.0000000000E+00
 1146.000000    0.0000000000E+00    0.0000000000E+00
 1147.000000    0.0000000000E+00    0.0000000000E+00
 1148.000000    0.0000000000E+00    0.0000000000E+00
 1149.000000    0.0000000000E+00    0.0000000000E+00
 1150.000000    0.0000000000E+00    0.0000000000E+00
 1151.000000    0.0000000000E+00    0.0000000000E+00
 1152.000000    0.0000000000E+00    0.0000000000E+00
 1153.000000    0.0000000000E+00    0.0000000000E+00
 1154.000000    0.0000000000E+00    0.0000000000E+00
 1155.000000    0.0000000000E+00    0.0000000000E+00
 1156.000000    0.0000000000E+00    0.0000000000E+00
 1157.000000    0.0000000000E+00    0.0000000000E+00
 1158.000000    0.0000000000E+00    0.0000000000E+00
 1159.000000    0.0000000000E+00    0.0000000000E+00
 1160.000000    0.0000000000E+00    0.0000000000E+00
 1161.000000    0.0000000000E+00    0.0000000000E+00
 1162.000000    0.0000000000E+00    0.0000000000E+00
 1163.000000    0.0000000000E+00    0.0000000000E+00
 1164.000000    0.0000000000E+00    0.0000000000E+00
 1165.000000    0.0000000000E+00    0.0000000000E+00
 1166.000000    0.0000000000E+00    0.0000000000E+00
 1167.000000    0.0000000000E+00    0.0000000000E+00
 1168.000000    0.0000000000E+00    0.0000000000E+00
 1169.000000    0.0000000000E+00    0.0000000000E+00
 1170.000000    0.0000000000E+00    0.0000000000E+00
 1171.000000    0.0000000000E+00    0.0000000000E+00
 1172.000000    0.0000000000E+00    0.0000000000E+00
 1173.000000    0.0000000000E+00    0.0000000000E+00
 1174.000000    0.0000000000E+00    0.0000000000E+00
 1175.000000    0.0000000000E+00    0.0000000000E+00
 1176.000000    0.0000000000E+00    0.0000000000E+00
 1177.000000    0.0000000000E+00    0.0000000000E+00
 1178.000000    0.0000000000E+00    0.0000000000E+00
 1179.000000    0.0000000000E+00    0.0000000000E+00
 1180.000000    0.0000000000E+00    0.0000000000E+00
 1181.000000    0.0000000000E+00    0.0000000000E+00
 1182.000000    0.0000000000E+00    0.0000000000E+00
 1183.000000    0.0000000000E+00    0.0000000000E+00
 1184.000000    0.0000000000E+00    0.0000000000E+00
 1185.000000    0.0000000000E+00    0.0000000000E+00
 1186.000000    0.0000000000E+00    0.0000000000E+00
 1187.000000    0.0000000000E+00    0.0000000000E+00
 1188.000000    0.0000000000E+00    0.0000000000E+00
 1189.000000    0.0000000000E+00    0.0000000000E+00
 1190.000000    0.0000000000E+00    0.0000000000E+00
 1191.000000    0.0000000000E+00    0.0000000000E+00
 1192.000000    0.0000000000E+00    0.0000000000E+00
 1193.000000    0.0000000000E+00    0.0000000000E+00
 1194.000000    0.0000000000E+00    0.0000000000E+00
 1195.000000    0.0000000000E+00    0.0000000000E+00
 1196.000000    0.0000000000E+00    0.0000000000E+00
 1197.000000    0.0000000000E+00    0.0000000000E+00
 1198.000000    0.0000000000E+00    0.0000000000E+00
 1199.000000    0.0000000000E+00    0.0000000000E+00
 1200.000000    0.0000000000E+00    0.0000000000E+00
 1201.000000    0.0000000000E+00    0.0000000000E+00
 1202.000000    0.0000000000E+00    0.0000000000E+00
 1203.000000    0.0000000000E+00    0.0000000000E+00
 1204.000000    0.0000000000E+00    0.0000000000E+00
 1205.000000    0.0000000000E+00    0.0000000000E+00
 1206.000000    0.0000000000E+00    0.0000000000E+00
 1207.000000    0.0000000000E+00    0.0000000000E+00
 1208.000000    0.0000000000E+00    0.0000000000E+00
 1209.000000    0.0000000000E+00    0.0000000000E+00
 1210.000000    0.0000000000E+00    0.0000000000E+00
 1211.000000    0.0000000000E+00    0.0000000000E+00
 1212.000000    0.0000000000E+00    0.0000000000E+00
 1213.000000    0.0000000000E+00    0.0000000000E+00
 1214.000000    0.0000000000E+00    0.0000000000E+00
 1215.000000    0.0000000000E+00    0.0000000000E+00
 1216.000000    0.0000000000E+00    0.0000000000E+00
 1217.000000    0.0000000000E+00    0.0000000000E+00
 1218.000000    0.0000000000E+00    0.0000000000E+00
 1219.000000    0.0000000000E+00    0.0000000000E+00
 1220.000000    0.0000000000E+00    0.0000000000E+00
 1221.000000    0.0000000000E+00    0.0000000000E+00
 1222.000000    0.0000000000E+00    0.0000000000E+00
 1223.000000    0.0000000000E+00    0.0000000000E+00
 1224.000000    0.0000000000E+00    0.0000000000E+00
 1225.000000    0.0000000000E+00    0.0000000000E+00
 1226.000000    0.0000000000E+00    0.0000000000E+00
 1227.000000    0.0000000000E+00    0.0000000000E+00
 1228.000000    0.0000000000E+00    0.0000000000E+00
 1229.000000    0.0000000000E+00    0.0000000000E+00
 1230.000000    0.0000000000E+00    0.0000000000E+00
 1231.000000    0.0000000000E+00    0.0000000000E+00
 1232.000000    0.0000000000E+00    0.0000000000E+00
 1233.000000    0.0000000000E+00    0.0000000000E+00
 1234.000000    0.0000000000E+00    0.0000000000E+00
 1235.000000    0.0000000000E+00    0.0000000000E+00
 1236.000000    0.0000000000E+00    0.0000000000E+00
 1237.000000    0.0000000000E+00    0.0000000000E+00
 1238.000000    0.0000000000E+00    0.0000000000E+00
 1239.000000    0.0000000000E+00    0.0000000000E+00
 1240.000000    0.0000000000E+00    0.0000000000E+00
 1241.000000    0.0000000000E+00    0.0000000000E+00
 1242.000000    0.0000000000E+00    0.0000000000E+00
 1243.000000    0.0000000000E+00    0.0000000000E+00
 1244.000000    0.0000000000E+00    0.0000000000E+00
 1245.000000    0.0000000000E+00    0.0000000000E+00
 1246.000000    0.0000000000E+00    0.0000000000E+00
 1247.000000    0.0000000000E+00    0.0000000000E+00
 1248.000000    0.0000000000E+00    0.0000000000E+00
 1249.000000    0.0000000000E+00    0.0000000000E+00
 1250.000000    0.0000000000E+00    0.0000000000E+00
 1251.000000    0.0000000000E+00    0.0000000000E+00
 1252.000000    0.0000000000E+00    0.0000000000E+00
 1253.000000    0.0000000000E+00    0.0000000000E+00
 1254.000000    0.0000000000E+00    0.0000000000E+00
 1255.000000    0.0000000000E+00    0.0000000000E+00
 1256.000000    0.0000000000E+00    0.0000000000E+00
 1257.000000    0.0000000000E+00    0.0000000000E+00
 1258.000000    0.0000000000E+00    0.0000000000E+00
 1259.000000    0.0000000000E+00    0.0000000000E+00
 1260.000000    0.0000000000E+00    0.0000000000E+00
 1261.000000    0.0000000000E+00    0.0000000000E+00
 1262.000000    0.0000000000E+00    0.0000000000E+00
 1263.000000    0.0000000000E+00    0.0000000000E+00
 1264.000000    0.0000000000E+00    0.0000000000E+00
 1265.000000    0.0000000000E+00    0.0000000000E+00
 1266.000000    0.0000000000E+00    0.0000000000E+00
 1267.000000    0.0000000000E+00    0.0000000000E+00
 1268.000000    0.0000000000E+00    0.0000000000E+00
 1269.000000    0.0000000000E+00    0.0000000000E+00
 1270.000000    0.0000000000E+00    0.0000000000E+00
 1271.000000    0.0000000000E+00    0.0000000000E+00
 1272.000000    0.0000000000E+00    0.0000000000E+00
 1273.000000    0.0000000000E+00    0.0000000000E+00
 1274.000000    0.0000000000E+00    0.0000000000E+00
 1275.000000    0.0000000000E+00    0.0000000000E+00
 1276.000000    0.0000000000E+00    0.0000000000E+00
 1277.000000    0.0000000000E+00    0.0000000000E+00
 1278.000000    0.0000000000E+00    0.0000000000E+00
 1279.000000    0.0000000000E+00    0.0000000000E+00
 1280.000000    0.0000000000E+00    0.0000000000E+00
 1281.000000    0.0000000000E+00    0.0000000000E+00
 1282.000000    0.0000000000E+00    0.0000000000E+00
 1283.000000    0.0000000000E+00    0.0000000000E+00
 1284.000000    0.0000000000E+00    0.0000000000E+00
 1285.000000    0.0000000000E+00    0.0000000000E+00
 1286.000000    0.0000000000E+00    0.0000000000E+00
 1287.000000    0.0000000000E+00    0.0000000000E+00
 1288.000000    0.0000000000E+00    0.0000000000E+00
 1289.000000    0.0000000000E+00    0.0000000000E+00
 1290.000000    0.0000000000E+00    0.0000000000E+00
 1291.000000    0.0000000000E+00    0.0000000000E+00
 1292.000000    0.0000000000E+00    0.0000000000E+00
 1293.000000    0.0000000000E+00    0.0000000000E+00
 1294.000000    0.0000000000E+00    0.0000000000E+00
 1295.000000    0.0000000000E+00    0.0000000000E+00
 1296.000000    0.0000000000E+00    0.0000000000E+00
 1297.000000    0.0000000000E+00    0.0000000000E+00
 1298.000000    0.0000000000E+00    0.0000000000E+00
 1299.000000    0.0000000000E+00    0.0000000000E+00
 1300.000000    0.0000000000E+00    0.0000000000E+00
 1301.000000    0.0000000000E+00    0.0000000000E+00
 1302.000000    0.0000000000E+00    0.0000000000E+00
 1303.000000    0.0000000000E+00    0.0000000000E+00
 1304.000000    0.0000000000E+00    0.0000000000E+00
 1305.000000    0.0000000000E+00    0.0000000000E+00
 1306.000000    0.0000000000E+00    0.0000000000E+00
 1307.000000    0.0000000000E+00    0.0000000000E+00
 1308.000000    0.0000000000E+00    0.0000000000E+00
 1309.000000    0.0000000000E+00    0.0000000000E+00
 1310.000000    0.0000000000E+00    0.0000000000E+00
 1311.000000    0.0000000000E+00    0.0000000000E+00
 1312.000000    0.0000000000E+00    0.0000000000E+00
 1313.000000    0.0000000000E+00    0.0000000000E+00
 1314.000000    0.0000000000E+00    0.0000000000E+00
 1315.000000    0.0000000000E+00    0.0000000000E+00
 1316.000000    0.0000000000E+00    0.0000000000E+00
 1317.000000    0.0000000000E+00    0.0000000000E+00
 1318.000000    0.0000000000E+00    0.0000000000E+00
 1319.000000    0.0000000000E+00    0.0000000000E+00
 1320.000000    0.0000000000E+00    0.0000000000E+00
 1321.000000    0.0000000000E+00    0.0000000000E+00
 1322.000000    0.0000000000E+00    0.0000000000E+00
 1323.000000    0.0000000000E+00    0.0000000000E+00
 1324.000000    0.0000000000E+00    0.0000000000E+00
 1325.000000    0.0000000000E+00    0.0000000000E+00
 1326.000000    0.0000000000E+00    0.0000000000E+00
 1327.000000    0.0000000000E+00    0.0000000000E+00
 1328.000000    0.0000000000E+00    0.0000000000E+00
 1329.000000    0.0000000000E+00    0.0000000000E+00
 1330.000000    0.0000000000E+00    0.0000000000E+00
 1331.000000    0.0000000000E+00    0.0000000000E+00
 1332.000000    0.0000000000E+00    0.0000000000E+00
 1333.000000    0.0000000000E+00    0.0000000000E+00
 1334.000000    0.0000000000E+00    0.0000000000E+00
 1335.000000    0.0000000000E+00    0.0000000000E+00
 1336.000000    0.0000000000E+00    0.0000000000E+00
 1337.000000    0.0000000000E+00    0.0000000000E+00
 1338.000000    0.0000000000E+00    0.0000000000E+00
 1339.000000    0.0000000000E+00    0.0000000000E+00
 1340.000000    0.0000000000E+00    0.0000000000E+00
 1341.000000    0.0000000000E+00    0.0000000000E+00
 1342.000000    0.0000000000E+00    0.0000000000E+00
 1343.000000    0.0000000000E+00    0.0000000000E+00
 1344.000000    0.0000000000E+00    0.0000000000E+00
 1345.000000    0.0000000000E+00    0.0000000000E+00
 1346.000000    0.0000000000E+00    0.0000000000E+00
 1347.000000    0.0000000000E+00    0.0000000000E+00
 1348.000000    0.0000000000E+00    0.0000000000E+00
 1349.000000    0.0000000000E+00    0.0000000000E+00
 1350.000000    0.0000000000E+00    0.0000000000E+00
 1351.000000    0.0000000000E+00    0.0000000000E+00
 1352.000000    0.0000000000E+00    0.0000000000E+00
 1353.000000    0.0000000000E+00    0.0000000000E+00
 1354.000000    0.0000000000E+00    0.0000000000E+00
 1355.000000    0.0000000000E+00    0.0000000000E+00
 1356.000000    0.0000000000E+00    0.0000000000E+00
 1357.000000    0.0000000000E+00    0.0000000000E+00
 1358.000000    0.0000000000E+00    0.0000000000E+00
 1359.000000    0.0000000000E+00    0.0000000000E+00
 1360.000000    0.0000000000E+00    0.0000000000E+00
 1361.000000    0.0000000000E+00    0.0000000000E+00
 1362.000000    0.0000000000E+00    0.0000000000E+00
 1363.000000    0.0000000000E+00    0.0000000000E+00
 1364.000000    0.0000000000E+00    0.0000000000E+00
 1365.000000    0.0000000000E+00    0.0000000000E+00
 1366.000000    0.0000000000E+00    0.0000000000E+00
 1367.000000    0.0000000000E+00    0.0000000000E+00
 1368.000000    0.0000000000E+00    0.0000000000E+00
 1369.000000    0.0000000000E+00    0.0000000000E+00
 1370.000000    0.0000000000E+00    0.0000000000E+00
 1371.000000    0.0000000000E+00    0.0000000000E+00
 1372.000000    0.0000000000E+00    0.0000000000E+00
 1373.000000    0.0000000000E+00    0.0000000000E+00
 1374.000000    0.0000000000E+00    0.0000000000E+00
 1375.000000    0.0000000000E+00    0.0000000000E+00
 1376.000000    0.0000000000E+00    0.0000000000E+00
 1377.000000    0.0000000000E+00    0.0000000000E+00
 1378.000000    0.0000000000E+00    0.0000000000E+00
 1379.000000    0.0000000000E+00    0.0000000000E+00
 1380.000000    0.0000000000E+00    0.0000000000E+00
 1381.000000    0.0000000000E+00    0.0000000000E+00
 1382.000000    0.0000000000E+00    0.0000000000E+00
 1383.000000    0.0000000000E+00    0.0000000000E+00
 1384.000000    0.0000000000E+00    0.0000000000E+00
 1385.000000    0.0000000000E+00    0.0000000000E+00
 1386.000000    0.0000000000E+00    0.0000000000E+00
 1387.000000    0.0000000000E+00    0.0000000000E+00
 1388.000000    0.0000000000E+00    0.0000000000E+00
 1389.000000    0.0000000000E+00    0.0000000000E+00
 1390.000000    0.0000000000E+00    0.0000000000E+00
 1391.000000    0.0000000000E+00    0.0000000000E+00
 1392.000000    0.0000000000E+00    0.0000000000E+00
 1393.000000    0.0000000000E+00    0.0000000000E+00
 1394.000000    0.0000000000E+00    0.0000000000E+00
 1395.000000    0.0000000000E+00    0.0000000000E+00
 1396.000000    0.0000000000E+00    0.0000000000E+00
 1397.000000    0.0000000000E+00    0.0000000000E+00
 1398.000000    0.0000000000E+00    0.0000000000E+00
 1399.000000    0.0000000000E+00    0.0000000000E+00
 1400.000000    0.0000000000E+00    0.0000000000E+00
 1401.000000    0.0000000000E+00    0.0000000000E+00
 1402.000000    0.0000000000E+00    0.0000000000E+00
 1403.000000    0.0000000000E+00    0.0000000000E+00
 1404.000000    0.0000000000E+00    0.0000000000E+00
 1405.000000    0.0000000000E+00    0.0000000000E+00
 1406.000000    0.0000000000E+00    0.0000000000E+00
 1407.000000    0.0000000000E+00    0.0000000000E+00
 1408.000000    0.0000000000E+00    0.0000000000E+00
 1409.000000    0.0000000000E+00    0.0000000000E+00
 1410.000000    0.0000000000E+00    0.0000000000E+00
 1411.000000    0.0000000000E+00    0.0000000000E+00
 1412.000000    0.0000000000E+00    0.0000000000E+00
 1413.000000    0.0000000000E+00    0.0000000000E+00
 1414.000000    0.0000000000E+00    0.0000000000E+00
 1415.000000    0.0000000000E+00    0.0000000000E+00
 1416.000000    0.0000000000E+00    0.0000000000E+00
 1417.000000    0.0000000000E+00    0.0000000000E+00
 1418.000000    0.0000000000E+00    0.0000000000E+00
 1419.000000    0.0000000000E+00    0.0000000000E+00
 1420.000000    0.0000000000E+00    0.0000000000E+00
 1421.000000    0.0000000000E+00    0.0000000000E+00
 1422.000000    0.0000000000E+00    0.0000000000E+00
 1423.000000    0.0000000000E+00    0.0000000000E+00
 1424.000000    0.0000000000E+00    0.0000000000E+00
 1425.000000    0.0000000000E+00    0.0000000000E+00
 1426.000000    0.0000000000E+00    0.0000000000E+00
 1427.000000    0.0000000000E+00    0.0000000000E+00
 1428.000000    0.0000000000E+00    0.0000000000E+00
 1429.000000    0.0000000000E+00    0.0000000000E+00
 1430.000000    0.0000000000E+00    0.0000000000E+00
 1431.000000    0.0000000000E+00    0.0000000000E+00
 1432.000000    0.0000000000E+00    0.0000000000E+00
 1433.000000    0.0000000000E+00    0.0000000000E+00
 1434.000000    0.0000000000E+00    0.0000000000E+00
 1435.000000    0.0000000000E+00    0.0000000000E+00
 1436.000000    0.0000000000E+00    0.0000000000E+00
 1437.000000    0.0000000000E+00    0.0000000000E+00
 1438.000000    0.0000000000E+00    0.0000000000E+00
 1439.000000    0.0000000000E+00    0.0000000000E+00
 1440.000000    0.0000000000E+00    0.0000000000E+00
 1441.000000    0.0000000000E+00    0.0000000000E+00
 1442.000000    0.0000000000E+00    0.0000000000E+00
 1443.000000    0.0000000000E+00    0.0000000000E+00
 1444.000000    0.0000000000E+00    0.0000000000E+00
 1445.000000    0.0000000000E+00    0.0000000000E+00
 1446.000000    0.0000000000E+00    0.0000000000E+00
 1447.000000    0.0000000000E+00    0.0000000000E+00
 1448.000000    0.0000000000E+00    0.0000000000E+00
 1449.000000    0.0000000000E+00    0.0000000000E+00
 1450.000000    0.0000000000E+00    0.0000000000E+00
 1451.000000    0.0000000000E+00    0.0000000000E+00
 1452.000000    0.0000000000E+00    0.0000000000E+00
 1453.000000    0.0000000000E+00    0.0000000000E+00
 1454.000000    0.0000000000E+00    0.0000000000E+00
 1455.000000    0.0000000000E+00    0.0000000000E+00
 1456.000000    0.0000000000E+00    0.0000000000E+00
 1457.000000    0.0000000000E+00    0.0000000000E+00
 1458.000000    0.0000000000E+00    0.0000000000E+00
 1459.000000    0.0000000000E+00    0.0000000000E+00
 1460.000000    0.0000000000E+00    0.0000000000E+00
 1461.000000    0.0000000000E+00    0.0000000000E+00
 1462.000000    0.0000000000E+00    0.0000000000E+00
 1463.000000    0.0000000000E+00    0.0000000000E+00
 1464.000000    0.0000000000E+00    0.0000000000E+00
 1465.000000    0.0000000000E+00    0.0000000000E+00
 1466.000000    0.0000000000E+00    0.0000000000E+00
 1467.000000    0.0000000000E+00    0.0000000000E+00
 1468.000000    0.0000000000E+00    0.0000000000E+00
 1469.000000    0.0000000000E+00    0.0000000000E+00
 1470.000000    0.0000000000E+00    0.0000000000E+00
 1471.000000    0.0000000000E+00    0.0000000000E+00
 1472.000000    0.0000000000E+00    0.0000000000E+00
 1473.000000    0.0000000000E+00    0.0000000000E+00
 1474.000000    0.0000000000E+00    0.0000000000E+00
 1475.000000    0.0000000000E+00    0.0000000000E+00
 1476.000000    0.0000000000E+00    0.0000000000E+00
 1477.000000    0.0000000000E+00    0.0000000000E+00
 1478.000000    0.0000000000E+00    0.0000000000E+00
 1479.000000    0.0000000000E+00    0.0000000000E+00
 1480.000000    0.0000000000E+00    0.0000000000E+00
 1481.000000    0.0000000000E+00    0.0000000000E+00
 1482.000000    0.0000000000E+00    0.0000000000E+00
 1483.000000    0.0000000000E+00    0.0000000000E+00
 1484.000000    0.0000000000E+00    0.0000000000E+00
 1485.000000    0.0000000000E+00    0.0000000000E+00
 1486.000000    0.0000000000E+00    0.0000000000E+00
 1487.000000    0.0000000000E+00    0.0000000000E+00
 1488.000000    0.0000000000E+00    0.0000000000E+00
 1489.000000    0.0000000000E+00    0.0000000000E+00
 1490.000000    0.0000000000E+00    0.0000000000E+00
 1491.000000    0.0000000000E+00    0.0000000000E+00
 1492.000000    0.0000000000E+00    0.0000000000E+00
 1493.000000    0.0000000000E+00    0.0000000000E+00
 1494.000000    0.0000000000E+00    0.0000000000E+00
 1495.000000    0.0000000000E+00    0.0000000000E+00
 1496.000000    0.0000000000E+00    0.0000000000E+00
 1497.000000    0.0000000000E+00    0.0000000000E+00
 1498.000000    0.0000000000E+00    0.0000000000E+00
 1499.000000    0.0000000000E+00    0.0000000000E+00
 1500.000000    0.0000000000E+00    0.0000000000E+00
