# Absorption coefficients
# Pure CO2
# Wavenumber range: 500-1500 cm-1, T: 296 K, P: 1 atm, step: 1 cm-1, Profile: Voigt, Wing: 50 HW, Scut: 1e-28 cm/mol
# KNa, Ka and thier units definition in Eqs(2)-(3) of  https://spectra.iao.ru/home.sim-theory.sp-functions.
# WN,cm-1           KNa,cm-1       Ka,cm**2/molecule (FORMAT F12.6,3X,E17.10,3X,E17.10)

  500.000000    1.7061352769E-06    6.8813206594E-26
  501.000000    1.0657917631E-06    4.2986362086E-26
  502.000000    6.6085373863E-06    2.6654079229E-25
  503.000000    8.8837217034E-07    3.5830533791E-26
  504.000000    1.0801855397E-06    4.3566903346E-26
  505.000000    1.5303384334E-05    6.1722828316E-25
  506.000000    1.2695135373E-06    5.1203030909E-26
  507.000000    3.5341731490E-06    1.4254308573E-25
  508.000000    3.4831969310E-05    1.4048707231E-24
  509.000000    2.7417074484E-05    1.1058072805E-24
  510.000000    8.8893182559E-06    3.5853106252E-25
  511.000000    2.8369924339E-05    1.1442383796E-24
  512.000000    7.3100658392E-06    2.9483539648E-25
  513.000000    6.2937514510E-06    2.5384459528E-25
  514.000000    2.9296128894E-05    1.1815947993E-24
  515.000000    7.5492981587E-06    3.0448430490E-25
  516.000000    6.9380189093E-06    2.7982970345E-25
  517.000000    3.7904377410E-05    1.5287895332E-24
  518.000000    1.2014397251E-05    4.8457423707E-25
  519.000000    7.7217892077E-06    3.1144135124E-25
  520.000000    5.3396926029E-05    2.1536473410E-24
  521.000000    2.0368982982E-05    8.2153804160E-25
  522.000000    9.7262694923E-06    3.9228764626E-25
  523.000000    7.0305292651E-05    2.8356090478E-24
  524.000000    2.3848395697E-05    9.6187248591E-25
  525.000000    1.3990498552E-05    5.6427592834E-25
  526.000000    1.0527335368E-04    4.2459687307E-24
  527.000000    3.4864768548E-05    1.4061936081E-24
  528.000000    2.1978708869E-05    8.8646278791E-25
  529.000000    1.6302422156E-04    6.5752227215E-24
  530.000000    2.7745459543E-05    1.1190519682E-24
  531.000000    1.8373487901E-05    7.4105414495E-25
  532.000000    2.6302727935E-04    1.0608625681E-23
  533.000000    2.9995466631E-05    1.2098010458E-24
  534.000000    1.9753647867E-05    7.9671985575E-25
  535.000000    3.3280922446E-04    1.3423126659E-23
  536.000000    4.5534646250E-05    1.8365396121E-24
  537.000000    2.5716436202E-05    1.0372157831E-24
  538.000000    1.7144783482E-04    6.9149705991E-24
  539.000000    1.6702243727E-05    6.7364819412E-25
  540.000000    2.8378671878E-05    1.1445911923E-24
  541.000000    5.0411339533E-05    2.0332302890E-24
  542.000000    2.4787126773E-05    9.9973413517E-25
  543.000000    5.4397535897E-05    2.1940047349E-24
  544.000000    3.2740180744E-04    1.3205030410E-23
  545.000000    1.9345284035E-03    7.8024940049E-23
  546.000000    6.8441538669E-04    2.7604386381E-23
  547.000000    1.9146072365E-04    7.7221463678E-24
  548.000000    1.2943540709E-04    5.2204919093E-24
  549.000000    6.3980332964E-05    2.5805057371E-24
  550.000000    7.8923413017E-05    3.1832019411E-24
  551.000000    6.0425936467E-05    2.4371469872E-24
  552.000000    4.0158301058E-05    1.6196965766E-24
  553.000000    3.9237458457E-04    1.5825564196E-23
  554.000000    7.5507515982E-05    3.0454292617E-24
  555.000000    5.8126782739E-05    2.3444156882E-24
  556.000000    3.2727870932E-04    1.3200065519E-23
  557.000000    1.0354487827E-04    4.1762544839E-24
  558.000000    1.2850526803E-04    5.1829767999E-24
  559.000000    3.1415376300E-04    1.2670699732E-23
  560.000000    7.1823594588E-05    2.8968464106E-24
  561.000000    5.2461424688E-04    2.1159159559E-23
  562.000000    2.6055738279E-04    1.0509007846E-23
  563.000000    2.9134661020E-04    1.1750823484E-23
  564.000000    2.5438288627E-04    1.0259973136E-23
  565.000000    2.3655931259E-04    9.5410985693E-24
  566.000000    3.8420586350E-04    1.5496096832E-23
  567.000000    2.8968209727E-04    1.1683689023E-23
  568.000000    2.1369098095E-03    8.6187548075E-23
  569.000000    5.7718381970E-04    2.3279437432E-23
  570.000000    1.4424052857E-03    5.8176238580E-23
  571.000000    4.6765290479E-04    1.8861749351E-23
  572.000000    3.0717271080E-04    1.2389134376E-23
  573.000000    4.0799601076E-03    1.6455619996E-22
  574.000000    4.6903234891E-04    1.8917386190E-23
  575.000000    6.7037418153E-04    2.7038065313E-23
  576.000000    2.9280623641E-03    1.1809694290E-22
  577.000000    6.7273113770E-04    2.7133127946E-23
  578.000000    4.2677250860E-03    1.7212928659E-22
  579.000000    1.3391807081E-03    5.4012902717E-23
  580.000000    1.0328419338E-03    4.1657403332E-23
  581.000000    1.1337320672E-02    4.5726584534E-22
  582.000000    1.7398475906E-03    7.0172918477E-23
  583.000000    4.9918349302E-03    2.0133466144E-22
  584.000000    1.3023544578E-02    5.2527597068E-22
  585.000000    1.5656052786E-03    6.3145238800E-23
  586.000000    4.8959529801E-03    1.9746747428E-22
  587.000000    5.1782651813E-03    2.0885391478E-22
  588.000000    2.8849655798E-03    1.1635872908E-22
  589.000000    2.7553571541E-02    1.1113125885E-21
  590.000000    3.8159216668E-03    1.5390679131E-22
  591.000000    6.8187375269E-03    2.7501875174E-22
  592.000000    5.5459124569E-02    2.2368215746E-21
  593.000000    4.4576290245E-03    1.7978864346E-22
  594.000000    1.0241583179E-02    4.1307168824E-22
  595.000000    2.2391063532E-02    9.0309420452E-22
  596.000000    1.2147217082E-02    4.8993123227E-22
  597.000000    7.4367181524E-02    2.9994363844E-21
  598.000000    1.6908359377E-02    6.8196141462E-22
  599.000000    8.0621898602E-03    3.2517066142E-22
  600.000000    1.7609456154E-01    7.1023860813E-21
  601.000000    1.1034619896E-02    4.4505707661E-22
  602.000000    1.2892682073E-02    5.1999791990E-22
  603.000000    7.6896455924E-02    3.1014490935E-21
  604.000000    9.6252658109E-03    3.8821388535E-22
  605.000000    2.5673397400E-02    1.0354799078E-21
  606.000000    3.1257327214E-02    1.2606954116E-21
  607.000000    1.0546743840E-02    4.2537967100E-22
  608.000000    6.8164384323E-02    2.7492602283E-21
  609.000000    1.9766395252E-02    7.9723399342E-22
  610.000000    1.1800943785E-02    4.7596506191E-22
  611.000000    1.6686191698E-01    6.7300077089E-21
  612.000000    1.8838817843E-02    7.5982220275E-22
  613.000000    1.8752482597E-02    7.5634006084E-22
  614.000000    5.9994854965E-02    2.4197602648E-21
  615.000000    2.9350504252E-02    1.1837879095E-21
  616.000000    6.8853347446E-02    2.7770480376E-21
  617.000000    4.3045865660E-01    1.7361601315E-20
  618.000000    1.6827118035E+00    6.7868472416E-20
  619.000000    4.4807428404E-02    1.8072088829E-21
  620.000000    1.7096824082E-02    6.8956272320E-22
  621.000000    4.6965533035E-02    1.8942512773E-21
  622.000000    3.0838093417E-02    1.2437865403E-21
  623.000000    2.1093024936E-02    8.5074067824E-22
  624.000000    5.8575047389E-02    2.3624954550E-21
  625.000000    1.4527887517E-01    5.8595032800E-21
  626.000000    5.7907404400E-02    2.3355675463E-21
  627.000000    8.6789501897E-02    3.5004633016E-21
  628.000000    3.5588947454E-01    1.4354017685E-20
  629.000000    1.7125784567E-01    6.9073078053E-21
  630.000000    1.3973983092E-01    5.6360981364E-21
  631.000000    3.5672120879E-01    1.4387563853E-20
  632.000000    2.7481829745E-01    1.1084190412E-20
  633.000000    1.6758804569E-01    6.7592945103E-21
  634.000000    4.1042903773E-01    1.6553750777E-20
  635.000000    2.0118054671E-01    8.1141740116E-21
  636.000000    1.8152644135E-01    7.3214689834E-21
  637.000000    5.6206055140E-01    2.2669473732E-20
  638.000000    2.4101067672E-01    9.7206345320E-21
  639.000000    1.5821143989E-01    6.3811097784E-21
  640.000000    8.5137740948E-01    3.4338431637E-20
  641.000000    3.5119298431E-01    1.4164595101E-20
  642.000000    1.9348636098E-01    7.8038459855E-21
  643.000000    1.4038346282E+00    5.6620576108E-20
  644.000000    4.8588254923E-01    1.9597001887E-20
  645.000000    2.6648083228E-01    1.0747917128E-20
  646.000000    2.3066122318E+00    9.3032121304E-20
  647.000000    6.9832237258E-01    2.8165294010E-20
  648.000000    5.0222663036E-01    2.0256204382E-20
  649.000000    4.6669591682E+00    1.8823151351E-19
  650.000000    8.0628013101E-01    3.2519532291E-20
  651.000000    5.1383875946E-01    2.0724554020E-20
  652.000000    7.0454019397E+00    2.8416076133E-19
  653.000000    6.6729998394E-01    2.6914074328E-20
  654.000000    6.7161453371E-01    2.7088092185E-20
  655.000000    1.0229957847E+01    4.1260280606E-19
  656.000000    5.9058341833E-01    2.3819880714E-20
  657.000000    7.9680730661E-01    3.2137466793E-20
  658.000000    6.3301633333E+00    2.5531318831E-19
  659.000000    4.8520284770E-01    1.9569587624E-20
  660.000000    9.3408526219E-01    3.7674270613E-20
  661.000000    2.2554840762E+00    9.0969979820E-20
  662.000000    4.7955399118E-01    1.9341753444E-20
  663.000000    1.1936228698E+00    4.8142148074E-20
  664.000000    8.7423020451E-01    3.5260148764E-20
  665.000000    7.7065184263E-01    3.1082543793E-20
  666.000000    1.4453267695E+00    5.8294070190E-20
  667.000000    7.5484764824E+00    3.0445116439E-19
  668.000000    6.5931799081E+01    2.6592138225E-18
  669.000000    1.1448919092E+01    4.6176692170E-19
  670.000000    3.6672910223E+00    1.4791210180E-19
  671.000000    1.6626117410E+00    6.7057780687E-20
  672.000000    6.9940685193E-01    2.8209034095E-20
  673.000000    3.6693037166E+00    1.4799327939E-19
  674.000000    1.0430976139E+00    4.2071043591E-20
  675.000000    7.5423325191E-01    3.0420336117E-20
  676.000000    1.1119793489E+01    4.4849236576E-19
  677.000000    6.8307046535E-01    2.7550141943E-20
  678.000000    1.5901432017E+00    6.4134921853E-20
  679.000000    3.5502417889E+00    1.4319117891E-19
  680.000000    6.1661469469E-01    2.4869794881E-20
  681.000000    2.5777551531E+00    1.0396807352E-19
  682.000000    1.2669300513E+00    5.1098831694E-20
  683.000000    6.3377783735E-01    2.5562032418E-20
  684.000000    1.1342008852E+01    4.5745493274E-19
  685.000000    6.0199976060E-01    2.4280333721E-20
  686.000000    1.1859735393E+00    4.7833629186E-20
  687.000000    3.4157474915E+00    1.3776664781E-19
  688.000000    4.0565378693E-01    1.6361151560E-20
  689.000000    1.7221626163E+00    6.9459634010E-20
  690.000000    7.0960325196E-01    2.8620283420E-20
  691.000000    3.8866755237E-01    1.5676049221E-20
  692.000000    7.6417577732E+00    3.0821345969E-19
  693.000000    3.4604274783E-01    1.3956871662E-20
  694.000000    7.1253755572E-01    2.8738632096E-20
  695.000000    9.7587787486E-01    3.9359883547E-20
  696.000000    1.8291741588E-01    7.3775708758E-21
  697.000000    9.2012101137E-01    3.7111053329E-20
  698.000000    2.1395150827E-01    8.6292626028E-21
  699.000000    2.8528716701E-01    1.1506429196E-20
  700.000000    2.0935491065E+00    8.4438689672E-20
  701.000000    2.4856797353E-01    1.0025441445E-20
  702.000000    2.2539741933E-01    9.0909082022E-21
  703.000000    1.5331986387E-01    6.1838188391E-21
  704.000000    1.2001870214E-01    4.8406898663E-21
  705.000000    9.5371669676E-01    3.8466061265E-20
  706.000000    9.3409274538E-02    3.7674572431E-21
  707.000000    9.6345241677E-02    3.8858730077E-21
  708.000000    1.0481766267E-01    4.2275894380E-21
  709.000000    2.4186601324E-01    9.7551326457E-21
  710.000000    1.3093531219E-01    5.2809872759E-21
  711.000000    3.8158053166E-02    1.5390209858E-21
  712.000000    8.5573345523E-02    3.4514123143E-21
  713.000000    8.5820174951E-02    3.4613676353E-21
  714.000000    3.5616182759E-02    1.4365002444E-21
  715.000000    4.1985948035E-02    1.6934106899E-21
  716.000000    1.8026543953E-02    7.2706092537E-22
  717.000000    7.6067549915E-02    3.0680169963E-21
  718.000000    8.4974027491E-02    3.4272401422E-21
  719.000000    1.7486386387E-01    7.0527486029E-21
  720.000000    9.0567124201E-01    3.6528253725E-20
  721.000000    3.3439401114E-01    1.3487045538E-20
  722.000000    3.3957956105E-02    1.3696193266E-21
  723.000000    2.8143199688E-02    1.1350939405E-21
  724.000000    5.0545082178E-02    2.0386245038E-21
  725.000000    1.2095203239E-02    4.8783336854E-22
  726.000000    8.5815157923E-03    3.4611652846E-22
  727.000000    1.3427864670E-01    5.4158333056E-21
  728.000000    1.4332864322E-02    5.7808449719E-22
  729.000000    1.6502841800E-02    6.6560575679E-22
  730.000000    1.0101566016E-01    4.0742440451E-21
  731.000000    1.0658697382E-02    4.2989507041E-22
  732.000000    2.2494637291E-02    9.0727162385E-22
  733.000000    6.1875658091E-02    2.4956183142E-21
  734.000000    1.1011530025E-02    4.4412579753E-22
  735.000000    2.9283103865E-02    1.1810694634E-21
  736.000000    3.7857105446E-02    1.5268829227E-21
  737.000000    1.3400502948E-02    5.4047975583E-22
  738.000000    3.7797462763E-02    1.5244773666E-21
  739.000000    2.6480414235E-02    1.0680291535E-21
  740.000000    1.4846290237E-02    5.9879240006E-22
  741.000000    6.3099190569E-02    2.5449668004E-21
  742.000000    2.6745303049E-02    1.0787128601E-21
  743.000000    6.9814889621E-03    2.8158297223E-22
  744.000000    3.5733686416E-02    1.4412394955E-21
  745.000000    1.0968200720E-02    4.4237820548E-22
  746.000000    4.5535071559E-03    1.8365567660E-22
  747.000000    2.8706757975E-02    1.1578238220E-21
  748.000000    9.0563456090E-03    3.6526774274E-22
  749.000000    3.2850473566E-03    1.3249514589E-22
  750.000000    1.9415021106E-02    7.8306209155E-22
  751.000000    6.8604729066E-03    2.7670205631E-22
  752.000000    2.5082193114E-03    1.0116349858E-22
  753.000000    1.1393513658E-02    4.5953226558E-22
  754.000000    4.2144239185E-03    1.6997950146E-22
  755.000000    1.7056237211E-03    6.8792574121E-23
  756.000000    7.0952825839E-03    2.8617258720E-22
  757.000000    4.7841461024E-03    1.9295799025E-22
  758.000000    1.1592359305E-03    4.6755226656E-23
  759.000000    6.1172133926E-03    2.4672432173E-22
  760.000000    1.5708847192E-03    6.3358173402E-23
  761.000000    8.3766094712E-04    3.3785208355E-23
  762.000000    3.9285313036E-03    1.5844865286E-22
  763.000000    1.0761879369E-03    4.3405668849E-23
  764.000000    4.2567251364E-04    1.7168562786E-23
  765.000000    2.3670448382E-03    9.5469537310E-23
  766.000000    1.1681715287E-03    4.7115624320E-23
  767.000000    2.8955309609E-04    1.1678486045E-23
  768.000000    2.7765970056E-03    1.1198792146E-22
  769.000000    1.5345308911E-03    6.1891921859E-23
  770.000000    3.7004475651E-04    1.4924939789E-23
  771.000000    1.9500140906E-03    7.8649521111E-23
  772.000000    4.1644663272E-04    1.6796457210E-23
  773.000000    9.7363086223E-04    3.9269255245E-23
  774.000000    9.9128967089E-04    3.9981484377E-23
  775.000000    2.7048503694E-04    1.0909417899E-23
  776.000000    3.1644552052E-04    1.2763132722E-23
  777.000000    7.5916113956E-04    3.0619091606E-23
  778.000000    2.3926712076E-04    9.6503120445E-24
  779.000000    7.5196164704E-04    3.0328715941E-23
  780.000000    2.3724790680E-04    9.5688714993E-24
  781.000000    3.0574946400E-04    1.2331730853E-23
  782.000000    6.3484382779E-04    2.5605026793E-23
  783.000000    1.3180459538E-04    5.3160478977E-24
  784.000000    1.1644087898E-04    4.6963862539E-24
  785.000000    1.7699802453E-04    7.1388252701E-24
  786.000000    1.2388628576E-04    4.9966803288E-24
  787.000000    1.1543569356E-04    4.6558443151E-24
  788.000000    7.0453890209E-05    2.8416024029E-24
  789.000000    7.7993921329E-05    3.1457129422E-24
  790.000000    1.7247417791E-04    6.9563658859E-24
  791.000000    7.1884048988E-04    2.8992847056E-23
  792.000000    5.5574226738E-03    2.2414639670E-22
  793.000000    7.9316657248E-04    3.1990625806E-23
  794.000000    2.4901446406E-04    1.0043449657E-23
  795.000000    1.1460617713E-04    4.6223875976E-24
  796.000000    6.1847926970E-05    2.4944998405E-24
  797.000000    4.6969043535E-04    1.8943928656E-23
  798.000000    6.7700584150E-05    2.7305538704E-24
  799.000000    6.7581596152E-05    2.7257547517E-24
  800.000000    9.8859485478E-04    3.9872794908E-23
  801.000000    6.1597986878E-05    2.4844190577E-24
  802.000000    9.0369951847E-05    3.6448728601E-24
  803.000000    4.2209427159E-04    1.7024242278E-23
  804.000000    5.8515643565E-05    2.3600995327E-24
  805.000000    1.4371534923E-04    5.7964419069E-24
  806.000000    1.7269913669E-04    6.9654391025E-24
  807.000000    4.8752330522E-05    1.9663178164E-24
  808.000000    2.7196860210E-04    1.0969254230E-23
  809.000000    8.7106990431E-05    3.5132685020E-24
  810.000000    4.3574636049E-05    1.7574869199E-24
  811.000000    6.7704838853E-04    2.7307254745E-23
  812.000000    4.8286675452E-05    1.9475366454E-24
  813.000000    4.1114522042E-05    1.6582636428E-24
  814.000000    7.1907569848E-04    2.9002333676E-23
  815.000000    2.9268833758E-05    1.1804939101E-24
  816.000000    4.2429505327E-05    1.7113005958E-24
  817.000000    1.6011034849E-04    6.4576980722E-24
  818.000000    1.8677927055E-05    7.5333302734E-25
  819.000000    4.9459007242E-05    1.9948200646E-24
  820.000000    4.4162465419E-05    1.7811957222E-24
  821.000000    1.2558045815E-05    5.0650110387E-25
  822.000000    7.4457618903E-05    3.0030839767E-24
  823.000000    1.5815610889E-05    6.3788781248E-25
  824.000000    8.6577957252E-06    3.4919311145E-25
  825.000000    1.6508878053E-04    6.6584921575E-24
  826.000000    7.7839338933E-06    3.1394782019E-25
  827.000000    1.0057475292E-05    4.0564610233E-25
  828.000000    1.6404214629E-04    6.6162784721E-24
  829.000000    5.3459469191E-05    2.1561698816E-24
  830.000000    1.8770298010E-05    7.5705860627E-25
  831.000000    1.3244671688E-05    5.3419464533E-25
  832.000000    6.3566260575E-06    2.5638050398E-25
  833.000000    1.7084455795E-05    6.8906387561E-25
  834.000000    4.8676030287E-06    1.9632404146E-25
  835.000000    4.2673162209E-06    1.7211279591E-25
  836.000000    2.0185454029E-05    8.1413580571E-25
  837.000000    7.1063102780E-06    2.8661736494E-25
  838.000000    4.7148967568E-06    1.9016497050E-25
  839.000000    5.9207492690E-06    2.3880037425E-25
  840.000000    1.7087488259E-05    6.8918618335E-25
  841.000000    1.7685717691E-05    7.1331444917E-25
  842.000000    4.8668454102E-06    1.9629348459E-25
  843.000000    1.2219112712E-05    4.9283098407E-25
  844.000000    4.9121490837E-06    1.9812070842E-25
  845.000000    5.2330988969E-06    2.1106551186E-25
  846.000000    8.0854091019E-06    3.2610715837E-25
  847.000000    2.3219930656E-06    9.3652473340E-26
  848.000000    4.1610322886E-06    1.6782606772E-25
  849.000000    6.1795739856E-06    2.4923949883E-25
  850.000000    2.0875027063E-06    8.4194821442E-26
  851.000000    5.8842775819E-06    2.3732936913E-25
  852.000000    1.7126587649E-06    6.9076317108E-26
  853.000000    5.4778806444E-06    2.2093824423E-25
  854.000000    1.1337019299E-05    4.5725369012E-25
  855.000000    1.2570815022E-06    5.0701612169E-26
  856.000000    6.1936922813E-06    2.4980892917E-25
  857.000000    6.3026394178E-06    2.5420307183E-25
  858.000000    1.9167007336E-06    7.7305900270E-26
  859.000000    3.3983383614E-06    1.3706448891E-25
  860.000000    1.5108949876E-06    6.0938619776E-26
  861.000000    2.2869178564E-06    9.2237792072E-26
  862.000000    2.3666380396E-06    9.5453129985E-26
  863.000000    7.3601431928E-06    2.9685515619E-25
  864.000000    3.3524074653E-05    1.3521196744E-24
  865.000000    5.8943761265E-06    2.3773667167E-25
  866.000000    2.1723647766E-06    8.7617546039E-26
  867.000000    8.6814080388E-07    3.5014546209E-26
  868.000000    1.7063411760E-06    6.8821511081E-26
  869.000000    1.8683960805E-06    7.5357638537E-26
  870.000000    1.4495309262E-06    5.8463635586E-26
  871.000000    4.1109650035E-06    1.6580671411E-25
  872.000000    9.3031872752E-07    3.7522355738E-26
  873.000000    1.3857528945E-06    5.5891289228E-26
  874.000000    6.0873723671E-06    2.4552074973E-25
  875.000000    1.2123187129E-06    4.8896203708E-26
  876.000000    2.1186127515E-06    8.5449576562E-26
  877.000000    3.4706305043E-06    1.3998023319E-25
  878.000000    4.2410633650E-06    1.7105394483E-25
  879.000000    2.4855161123E-06    1.0024781507E-25
  880.000000    4.4397379709E-06    1.7906704724E-25
  881.000000    2.0280407855E-06    8.1796555903E-26
  882.000000    3.0375608129E-06    1.2251332154E-25
  883.000000    2.1289953771E-06    8.5868336883E-26
  884.000000    2.8779342103E-06    1.1607513429E-25
  885.000000    4.5111929859E-06    1.8194902780E-25
  886.000000    9.8013067532E-06    3.9531410882E-25
  887.000000    3.8891343026E-06    1.5685966164E-25
  888.000000    1.4207518017E-05    5.7302893022E-25
  889.000000    4.7745344194E-06    1.9257032420E-25
  890.000000    3.8166656870E-06    1.5393679973E-25
  891.000000    1.1944434800E-05    4.8175245580E-25
  892.000000    2.8916510252E-06    1.1662837179E-25
  893.000000    2.1001459371E-05    8.4704758295E-25
  894.000000    2.5260023551E-06    1.0188073846E-25
  895.000000    2.9926961673E-05    1.2070380492E-24
  896.000000    3.2155349710E-06    1.2969151700E-25
  897.000000    4.0524390276E-05    1.6344619785E-24
  898.000000    3.5443455699E-06    1.4295336791E-25
  899.000000    3.4520965100E-05    1.3923270537E-24
  900.000000    5.2101218870E-06    2.1013878480E-25
  901.000000    3.0664080680E-05    1.2367681200E-24
  902.000000    2.3142321281E-05    9.3339453028E-25
  903.000000    1.7334633496E-05    6.9915424185E-25
  904.000000    2.5160408395E-05    1.0147896268E-24
  905.000000    9.9162246188E-06    3.9994906769E-25
  906.000000    4.4354086152E-05    1.7889243222E-24
  907.000000    1.9270920982E-05    7.7725013061E-25
  908.000000    1.5797427298E-05    6.3715441741E-25
  909.000000    7.7409843967E-06    3.1221554689E-25
  910.000000    5.4625762909E-05    2.2032097685E-24
  911.000000    1.0728910374E-05    4.3272695673E-25
  912.000000    3.7186426059E-05    1.4998325476E-24
  913.000000    3.0910473007E-05    1.2467058115E-24
  914.000000    3.0503304789E-05    1.2302835788E-24
  915.000000    2.5772262402E-05    1.0394674098E-24
  916.000000    1.1844076171E-05    4.7770471166E-25
  917.000000    1.5686836086E-05    6.3269396454E-25
  918.000000    1.4095481601E-05    5.6851018827E-25
  919.000000    5.5500009930E-05    2.2384705956E-24
  920.000000    4.0560671494E-05    1.6359253014E-24
  921.000000    4.8868701942E-05    1.9710114012E-24
  922.000000    1.3157854931E-05    5.3069308277E-25
  923.000000    1.5880161402E-04    6.4049131517E-24
  924.000000    2.6818798246E-05    1.0816771269E-24
  925.000000    3.5758877727E-04    1.4422555315E-23
  926.000000    2.5651347797E-05    1.0345905857E-24
  927.000000    5.0197626947E-04    2.0246106628E-23
  928.000000    1.1117849870E-05    4.4841397419E-25
  929.000000    5.8005421687E-04    2.3395208576E-23
  930.000000    4.1070472362E-05    1.6564869960E-24
  931.000000    7.6239572432E-04    3.0749551455E-23
  932.000000    2.5012206646E-05    1.0088122358E-24
  933.000000    7.3795469497E-04    2.9763776396E-23
  934.000000    5.5309750069E-05    2.2307968833E-24
  935.000000    4.4246764354E-04    1.7845957339E-23
  936.000000    6.1898691256E-05    2.4965473061E-24
  937.000000    2.2716921672E-04    9.1623697452E-24
  938.000000    5.8998896131E-05    2.3795904600E-24
  939.000000    1.4566687202E-04    5.8751522779E-24
  940.000000    7.0748103440E-05    2.8534688452E-24
  941.000000    9.3172257428E-05    3.7578976803E-24
  942.000000    1.2851291424E-04    5.1832851931E-24
  943.000000    8.5217286669E-05    3.4370514651E-24
  944.000000    3.5748530564E-04    1.4418382015E-23
  945.000000    5.7349078373E-05    2.3130486964E-24
  946.000000    1.6574523365E-03    6.6849687477E-23
  947.000000    7.9952532240E-05    3.2247091971E-24
  948.000000    2.6935697989E-04    1.0863920204E-23
  949.000000    1.0157903898E-04    4.0969666883E-24
  950.000000    8.7564622125E-05    3.5317260679E-24
  951.000000    3.6616426346E-04    1.4768428653E-23
  952.000000    5.7606646200E-05    2.3234371271E-24
  953.000000    6.2173612538E-04    2.5076356502E-23
  954.000000    6.6610529850E-05    2.6865889323E-24
  955.000000    8.0200887539E-05    3.2347260608E-24
  956.000000    2.5382410315E-04    1.0237435850E-23
  957.000000    4.0787866036E-05    1.6450886926E-24
  958.000000    1.6139132454E-04    6.5093634184E-24
  959.000000    3.6207666628E-05    1.4603564429E-24
  960.000000    1.8364957106E-05    7.4071007413E-25
  961.000000    1.2499291181E-05    5.0413136518E-25
  962.000000    3.4133674472E-05    1.3767065397E-24
  963.000000    8.3667199190E-05    3.3745321025E-24
  964.000000    3.3689343355E-05    1.3587854233E-24
  965.000000    1.6364237503E-04    6.6001545792E-24
  966.000000    1.8591650611E-04    7.4985325712E-24
  967.000000    6.0541653969E-05    2.4418141976E-24
  968.000000    1.7754252605E-04    7.1607865391E-24
  969.000000    5.6632586576E-04    2.2841505787E-23
  970.000000    9.2447905625E-05    3.7286825466E-24
  971.000000    1.1543083044E-04    4.6556481716E-24
  972.000000    1.2054288802E-03    4.8618317487E-23
  973.000000    2.2032783321E-04    8.8864376177E-24
  974.000000    9.2360570759E-05    3.7251600872E-24
  975.000000    1.4318088852E-04    5.7748856119E-24
  976.000000    1.1488871118E-03    4.6337829862E-23
  977.000000    2.9219170309E-04    1.1784908443E-23
  978.000000    9.1516512118E-05    3.6911168420E-24
  979.000000    8.0987698441E-05    3.2664603446E-24
  980.000000    1.4051402245E-04    5.6673234459E-24
  981.000000    6.3134650843E-04    2.5463970124E-23
  982.000000    4.9134893498E-04    1.9817476510E-23
  983.000000    1.1184951942E-04    4.5112038838E-24
  984.000000    5.2305424852E-05    2.1096240463E-24
  985.000000    4.2530582330E-05    1.7153773139E-24
  986.000000    3.0882923198E-05    1.2455946507E-24
  987.000000    3.3768432695E-05    1.3619753175E-24
  988.000000    2.5110131533E-05    1.0127618204E-24
  989.000000    2.5996370044E-05    1.0485062977E-24
  990.000000    1.5506513104E-05    6.2542103445E-25
  991.000000    1.6849458754E-05    6.7958578780E-25
  992.000000    7.0406614481E-06    2.8396956406E-25
  993.000000    1.5126648267E-05    6.1010002337E-25
  994.000000    5.5105869581E-06    2.2225738132E-25
  995.000000    2.8056415636E-05    1.1315936970E-24
  996.000000    7.8859822265E-06    3.1806371483E-25
  997.000000    8.6011048320E-06    3.4690660920E-25
  998.000000    2.0022495473E-06    8.0756323146E-26
  999.000000    4.0843896802E-06    1.6473485701E-25
 1000.000000    1.0759638866E-06    4.3396632273E-26
 1001.000000    3.2321776221E-06    1.3036276166E-25
 1002.000000    1.1952644979E-06    4.8208359527E-26
 1003.000000    3.6516564102E-06    1.4728151418E-25
 1004.000000    2.9157329880E-06    1.1759966469E-25
 1005.000000    1.4064896026E-06    5.6727658649E-26
 1006.000000    1.3918235956E-05    5.6136137578E-25
 1007.000000    1.1101031740E-06    4.4773565196E-26
 1008.000000    7.0014467517E-06    2.8238792569E-25
 1009.000000    1.3559142568E-06    5.4687813530E-26
 1010.000000    4.0244349456E-05    1.6231671491E-24
 1011.000000    3.6373779991E-06    1.4670562593E-25
 1012.000000    5.8120820018E-06    2.3441751950E-25
 1013.000000    5.5834108049E-06    2.2519457069E-25
 1014.000000    3.1700564147E-06    1.2785723966E-25
 1015.000000    4.5146996340E-06    1.8209046073E-25
 1016.000000    4.3077096926E-06    1.7374197758E-25
 1017.000000    1.1316787844E-05    4.5643769895E-25
 1018.000000    3.7551736416E-06    1.5145665359E-25
 1019.000000    7.6938375062E-05    3.1031398096E-24
 1020.000000    9.5682594759E-06    3.8591466045E-25
 1021.000000    1.8021408227E-04    7.2685378717E-24
 1022.000000    5.5435771523E-06    2.2358796810E-25
 1023.000000    6.1589353699E-05    2.4840708574E-24
 1024.000000    1.4378298276E-05    5.7991697560E-25
 1025.000000    3.4500707085E-05    1.3915099913E-24
 1026.000000    2.0514552065E-05    8.2740924978E-25
 1027.000000    3.5906112662E-05    1.4481939282E-24
 1028.000000    1.8217612693E-05    7.3476726196E-25
 1029.000000    3.2528689951E-05    1.3119730259E-24
 1030.000000    2.8072074728E-05    1.1322252719E-24
 1031.000000    4.1168507690E-05    1.6604410349E-24
 1032.000000    3.3643255586E-05    1.3569265747E-24
 1033.000000    4.2993623427E-05    1.7340530562E-24
 1034.000000    4.7107260900E-05    1.8999675585E-24
 1035.000000    6.2303486434E-05    2.5128738276E-24
 1036.000000    6.5048983541E-05    2.6236074032E-24
 1037.000000    9.5333406922E-05    3.8450628827E-24
 1038.000000    5.7024067468E-05    2.2999400978E-24
 1039.000000    1.5456580278E-04    6.2340710394E-24
 1040.000000    5.7056843547E-05    2.3012620487E-24
 1041.000000    2.5539947220E-04    1.0300974889E-23
 1042.000000    5.9053569597E-05    2.3817955938E-24
 1043.000000    6.1099860845E-04    2.4643282419E-23
 1044.000000    6.1202905396E-05    2.4684843168E-24
 1045.000000    2.3387534866E-03    9.4328467987E-23
 1046.000000    7.1396695466E-05    2.8796283752E-24
 1047.000000    8.6175676653E-04    3.4757060131E-23
 1048.000000    9.8036836828E-05    3.9540997704E-24
 1049.000000    2.7983412587E-04    1.1286492799E-23
 1050.000000    1.8841436451E-04    7.5992781850E-24
 1051.000000    1.3935551295E-04    5.6205975182E-24
 1052.000000    6.4979908779E-04    2.6208214248E-23
 1053.000000    9.6494675809E-05    3.8919001041E-24
 1054.000000    1.5297351695E-03    6.1698496994E-23
 1055.000000    1.0253160472E-04    4.1353863284E-24
 1056.000000    2.0073706803E-04    8.0962872760E-24
 1057.000000    2.3870989056E-04    9.6278373926E-24
 1058.000000    1.0855472371E-04    4.3783155596E-24
 1059.000000    1.1303033954E-03    4.5588296611E-23
 1060.000000    1.4508919284E-04    5.8518528611E-24
 1061.000000    1.3542082896E-04    5.4619007102E-24
 1062.000000    1.8107930330E-04    7.3034346555E-24
 1063.000000    3.3908738174E-05    1.3676342298E-24
 1064.000000    3.9290497687E-05    1.5846956400E-24
 1065.000000    8.3166658247E-05    3.3543438866E-24
 1066.000000    6.6853090872E-04    2.6963720966E-23
 1067.000000    8.4510177848E-05    3.4085317890E-24
 1068.000000    1.0475996279E-04    4.2252622403E-24
 1069.000000    1.5558252432E-03    6.2750782625E-23
 1070.000000    1.5364281622E-04    6.1968444105E-24
 1071.000000    1.3403134035E-04    5.4058587490E-24
 1072.000000    1.0654095011E-03    4.2970944390E-23
 1073.000000    3.5868023263E-04    1.4466576762E-23
 1074.000000    1.5846113955E-04    6.3911808639E-24
 1075.000000    2.6449438683E-04    1.0667798228E-23
 1076.000000    2.7698133921E-03    1.1171431935E-22
 1077.000000    3.3943992771E-04    1.3690561463E-23
 1078.000000    1.7147248611E-04    6.9159648545E-24
 1079.000000    2.9168362241E-04    1.1764416129E-23
 1080.000000    7.9794862886E-04    3.2183499511E-23
 1081.000000    1.3595092276E-03    5.4832808756E-23
 1082.000000    2.6649439544E-04    1.0748464168E-23
 1083.000000    1.6075578340E-04    6.4837302670E-24
 1084.000000    1.4051939228E-04    5.6675400261E-24
 1085.000000    2.0215999513E-04    8.1536779052E-24
 1086.000000    2.4280026233E-04    9.7928135237E-24
 1087.000000    4.2323023345E-04    1.7070058797E-23
 1088.000000    7.5529490065E-04    3.0463155380E-23
 1089.000000    8.6054539360E-04    3.4708202073E-23
 1090.000000    6.6533597427E-04    2.6834860326E-23
 1091.000000    4.9875090492E-04    2.0116018656E-23
 1092.000000    4.5871687529E-04    1.8501334294E-23
 1093.000000    2.4917754709E-04    1.0050027251E-23
 1094.000000    8.0018051938E-05    3.2273517897E-24
 1095.000000    2.8651950562E-05    1.1556132858E-24
 1096.000000    1.6604891955E-05    6.6972172491E-25
 1097.000000    1.4642158059E-05    5.9055917849E-25
 1098.000000    1.5930402945E-05    6.4251769708E-25
 1099.000000    1.8879716927E-05    7.6147177716E-25
 1100.000000    5.5408548300E-06    2.2347816923E-25
 1101.000000    4.5771126921E-06    1.8460775388E-25
 1102.000000    2.5973387384E-06    1.0475793428E-25
 1103.000000    2.6686552052E-06    1.0763432681E-25
 1104.000000    2.7609359524E-06    1.1135626739E-25
 1105.000000    1.1807611510E-06    4.7623398990E-26
 1106.000000    9.4182293149E-07    3.7986352453E-26
 1107.000000    1.7002159646E-06    6.8574464179E-26
 1108.000000    2.2783435368E-07    9.1891965789E-27
 1109.000000    2.1618506648E-07    8.7193482511E-27
 1110.000000    3.1873322995E-07    1.2855402440E-26
 1111.000000    5.7287864985E-08    2.3105797893E-27
 1112.000000    3.5163202329E-08    1.4182302771E-27
 1113.000000    3.4507856067E-09    1.3917983297E-28
 1114.000000    5.7859639952E-10    2.3336410726E-29
 1115.000000    1.1002158554E-10    4.4374781988E-30
 1116.000000    1.0325187670E-11    4.1644369113E-31
 1117.000000    0.0000000000E+00    0.0000000000E+00
 1118.000000    0.0000000000E+00    0.0000000000E+00
 1119.000000    0.0000000000E+00    0.0000000000E+00
 1120.000000    0.0000000000E+00    0.0000000000E+00
 1121.000000    0.0000000000E+00    0.0000000000E+00
 1122.000000    0.0000000000E+00    0.0000000000E+00
 1123.000000    0.0000000000E+00    0.0000000000E+00
 1124.000000    0.0000000000E+00    0.0000000000E+00
 1125.000000    0.0000000000E+00    0.0000000000E+00
 1126.000000    0.0000000000E+00    0.0000000000E+00
 1127.000000    0.0000000000E+00    0.0000000000E+00
 1128.000000    0.0000000000E+00    0.0000000000E+00
 1129.000000    0.0000000000E+00    0.0000000000E+00
 1130.000000    0.0000000000E+00    0.0000000000E+00
 1131.000000    0.0000000000E+00    0.0000000000E+00
 1132.000000    0.0000000000E+00    0.0000000000E+00
 1133.000000    0.0000000000E+00    0.0000000000E+00
 1134.000000    0.0000000000E+00    0.0000000000E+00
 1135.000000    0.0000000000E+00    0.0000000000E+00
 1136.000000    0.0000000000E+00    0.0000000000E+00
 1137.000000    3.6267500767E-12    1.4627697210E-31
 1138.000000    8.8483493729E-12    3.5687867291E-31
 1139.000000    1.5984360954E-11    6.4469397447E-31
 1140.000000    4.2725557194E-11    1.7232411954E-30
 1141.000000    2.9605983313E-10    1.1940920944E-29
 1142.000000    3.4547196560E-10    1.3933850419E-29
 1143.000000    4.0463555759E-10    1.6320083523E-29
 1144.000000    3.9197048986E-10    1.5809265926E-29
 1145.000000    5.6036346979E-10    2.2601025685E-29
 1146.000000    3.9681960553E-10    1.6004844321E-29
 1147.000000    8.7534070090E-10    3.5304938189E-29
 1148.000000    3.7402424124E-10    1.5085443536E-29
 1149.000000    1.7689756933E-09    7.1347736311E-29
 1150.000000    3.5285434044E-10    1.4231602239E-29
 1151.000000    6.0691518971E-09    2.4478586722E-28
 1152.000000    3.5557235838E-10    1.4341227503E-29
 1153.000000    9.2902550723E-09    3.7470196547E-28
 1154.000000    4.1012117937E-10    1.6541333989E-29
 1155.000000    1.7236541105E-09    6.9519790144E-29
 1156.000000    6.3358544034E-10    2.5554272508E-29
 1157.000000    6.1425186012E-10    2.4774495155E-29
 1158.000000    1.9738818880E-09    7.9612176123E-29
 1159.000000    3.5029057866E-10    1.4128198557E-29
 1160.000000    6.3542281494E-09    2.5628378964E-28
 1161.000000    1.1516559964E-10    4.6449506720E-30
 1162.000000    3.3540293252E-11    1.3527738158E-30
 1163.000000    1.6710999733E-11    6.7400134833E-31
 1164.000000    6.4830855677E-12    2.6148096964E-31
 1165.000000    4.1784252691E-12    1.6852757526E-31
 1166.000000    3.2664325719E-12    1.3174435957E-31
 1167.000000    8.1821119852E-12    3.3000745606E-31
 1168.000000    1.2618534476E-11    5.0894078071E-31
 1169.000000    2.6876781151E-11    1.0840157396E-30
 1170.000000    6.2100849475E-11    2.5047009124E-30
 1171.000000    2.7758754899E-10    1.1195882071E-29
 1172.000000    9.7832892885E-10    3.9458741409E-29
 1173.000000    6.3531825462E-09    2.5624161754E-28
 1174.000000    8.0816575714E-10    3.2595584865E-29
 1175.000000    8.0947512584E-10    3.2648395366E-29
 1176.000000    4.6416766876E-09    1.8721180036E-28
 1177.000000    3.8885387364E-09    1.5683564079E-28
 1178.000000    9.9584522316E-10    4.0165222539E-29
 1179.000000    9.3324225668E-10    3.7640269844E-29
 1180.000000    2.2671663155E-09    9.1441157198E-29
 1181.000000    1.4861443329E-08    5.9940356662E-28
 1182.000000    3.3231074167E-09    1.3403021455E-28
 1183.000000    1.1788222390E-09    4.7545197247E-29
 1184.000000    7.8981676378E-10    3.1855518654E-29
 1185.000000    7.3151285033E-10    2.9503958788E-29
 1186.000000    7.9388317934E-10    3.2019528564E-29
 1187.000000    8.2785991830E-10    3.3389905456E-29
 1188.000000    8.0459558521E-11    3.2451589848E-30
 1189.000000    4.8652164870E-11    1.9622778556E-30
 1190.000000    7.7327664732E-11    3.1188409505E-30
 1191.000000    1.6262886698E-10    6.5592769655E-30
 1192.000000    6.4461975481E-10    2.5999317266E-29
 1193.000000    3.2493660219E-09    1.3105601789E-28
 1194.000000    3.0353565660E-08    1.2242441810E-27
 1195.000000    1.1856766930E-08    4.7821656544E-28
 1196.000000    9.6198046218E-09    3.8799362032E-28
 1197.000000    9.4342704797E-08    3.8051050956E-27
 1198.000000    1.7270275119E-08    6.9655848853E-28
 1199.000000    2.4371488413E-08    9.8297027784E-28
 1200.000000    1.1597416296E-07    4.6775622916E-27
 1201.000000    2.9151000298E-08    1.1757413572E-27
 1202.000000    9.7362253634E-08    3.9268919438E-27
 1203.000000    1.5949464659E-07    6.4328650930E-27
 1204.000000    6.6336939447E-08    2.6755542664E-27
 1205.000000    2.8442582428E-07    1.1471688835E-26
 1206.000000    2.9423076229E-07    1.1867149403E-26
 1207.000000    1.3870825585E-07    5.5944918293E-27
 1208.000000    3.0300962042E-07    1.2221225300E-26
 1209.000000    5.0758123988E-07    2.0472170757E-26
 1210.000000    3.6480892507E-07    1.4713764066E-26
 1211.000000    4.0178219495E-07    1.6204999429E-26
 1212.000000    7.9099615272E-07    3.1903086708E-26
 1213.000000    8.1564832162E-07    3.2897377614E-26
 1214.000000    4.4032233411E-07    1.7759431011E-26
 1215.000000    1.1650581111E-06    4.6990051480E-26
 1216.000000    8.1565913769E-07    3.2897813856E-26
 1217.000000    6.5708414692E-07    2.6502041054E-26
 1218.000000    1.9450057893E-06    7.8447522315E-26
 1219.000000    7.0628555698E-07    2.8486471505E-26
 1220.000000    1.1329112627E-06    4.5693479191E-26
 1221.000000    3.3808584216E-06    1.3635947406E-25
 1222.000000    8.2562944215E-07    3.3299944115E-26
 1223.000000    2.0946096917E-06    8.4481466038E-26
 1224.000000    3.5307561330E-06    1.4240526792E-25
 1225.000000    1.1536535819E-06    4.6530074929E-26
 1226.000000    4.1072076122E-06    1.6565516801E-25
 1227.000000    3.8445750523E-06    1.5506246247E-25
 1228.000000    1.8028233582E-06    7.2712907283E-26
 1229.000000    6.8516743933E-06    2.7634718767E-25
 1230.000000    4.4938493870E-06    1.8124951196E-25
 1231.000000    2.8362370413E-06    1.1439337086E-25
 1232.000000    1.1193316379E-05    4.5145774950E-25
 1233.000000    5.2778479623E-06    2.1287036681E-25
 1234.000000    3.8183363468E-06    1.5400418211E-25
 1235.000000    1.9243490118E-05    7.7614376717E-25
 1236.000000    6.0386888940E-06    2.4355720912E-25
 1237.000000    5.0333797749E-06    2.0301028120E-25
 1238.000000    3.2076909878E-05    1.2937514723E-24
 1239.000000    6.8313706321E-06    2.7552828020E-25
 1240.000000    7.1739187958E-06    2.8934420552E-25
 1241.000000    3.8829786069E-05    1.5661138522E-24
 1242.000000    7.4742962953E-06    3.0145927002E-25
 1243.000000    1.1897950918E-05    4.7987763087E-25
 1244.000000    3.3129176049E-05    1.3361923094E-24
 1245.000000    8.1678957273E-06    3.2943407463E-25
 1246.000000    1.8639034202E-05    7.5176436981E-25
 1247.000000    2.3694132626E-05    9.5565062489E-25
 1248.000000    8.7965953076E-06    3.5479128674E-25
 1249.000000    2.6474083799E-05    1.0677738293E-24
 1250.000000    1.6043607794E-05    6.4708356517E-25
 1251.000000    9.0397536232E-06    3.6459854155E-25
 1252.000000    3.2309576238E-05    1.3031355572E-24
 1253.000000    1.0345672327E-05    4.1726989462E-25
 1254.000000    8.6746208803E-06    3.4987171701E-25
 1255.000000    2.6385925215E-05    1.0642181471E-24
 1256.000000    5.9039215801E-06    2.3812166650E-25
 1257.000000    6.6998467093E-06    2.7022355261E-25
 1258.000000    9.7277087956E-06    3.9234569739E-25
 1259.000000    2.2654316105E-06    9.1371191694E-26
 1260.000000    3.8543833009E-06    1.5545805656E-25
 1261.000000    7.7116178802E-06    3.1103111316E-25
 1262.000000    4.4993899528E-06    1.8147297847E-25
 1263.000000    1.3017719380E-05    5.2504102416E-25
 1264.000000    1.1730287387E-05    4.7311529180E-25
 1265.000000    7.6855712247E-06    3.0998057871E-25
 1266.000000    3.0801964667E-05    1.2423293668E-24
 1267.000000    1.1513149459E-05    4.6435751198E-25
 1268.000000    1.0178369853E-05    4.1052211802E-25
 1269.000000    4.4975645509E-05    1.8139935491E-24
 1270.000000    9.7400539001E-06    3.9284360997E-25
 1271.000000    1.3992983457E-05    5.6437615150E-25
 1272.000000    3.1902993019E-05    1.2867369190E-24
 1273.000000    8.3604727654E-06    3.3720124508E-25
 1274.000000    2.1872067599E-05    8.8216164727E-25
 1275.000000    1.6827408501E-05    6.7869643943E-25
 1276.000000    7.9913238359E-06    3.2231243650E-25
 1277.000000    3.7342942080E-05    1.5061452764E-24
 1278.000000    9.1623718574E-06    3.6954407781E-25
 1279.000000    8.1404725560E-06    3.2832802145E-25
 1280.000000    3.5755098345E-05    1.4421030985E-24
 1281.000000    5.4066266072E-06    2.1806436966E-25
 1282.000000    9.6232420825E-06    3.8813226273E-25
 1283.000000    1.3270658671E-05    5.3524277304E-25
 1284.000000    3.6757679991E-06    1.4825400198E-25
 1285.000000    1.5194270414E-05    6.1282741363E-25
 1286.000000    5.7908701712E-06    2.3356198706E-25
 1287.000000    3.0374348777E-06    1.2250824222E-25
 1288.000000    1.5487100592E-05    6.2463807355E-25
 1289.000000    3.8463246236E-06    1.5513302758E-25
 1290.000000    3.4415836933E-06    1.3880869408E-25
 1291.000000    3.4054381981E-06    1.3735084518E-25
 1292.000000    2.8628829714E-06    1.1546807574E-25
 1293.000000    6.5101464449E-06    2.6257241049E-25
 1294.000000    1.0092898611E-06    4.0707482383E-26
 1295.000000    2.0135150530E-06    8.1210692495E-26
 1296.000000    2.0783137587E-06    8.3824205493E-26
 1297.000000    4.6842621669E-07    1.8892939183E-26
 1298.000000    2.2370781890E-06    9.0227618921E-26
 1299.000000    5.4933450807E-07    2.2156196818E-26
 1300.000000    3.4775325712E-07    1.4025861285E-26
 1301.000000    8.5503160765E-07    3.4485815668E-26
 1302.000000    3.2523554026E-07    1.3117658797E-26
 1303.000000    6.7384279003E-07    2.7177963993E-26
 1304.000000    2.1342332830E-07    8.6079596277E-27
 1305.000000    2.6586285430E-07    1.0722992348E-26
 1306.000000    1.8254809242E-07    7.3626750279E-27
 1307.000000    1.0142892294E-07    4.0909120887E-27
 1308.000000    3.1685372874E-07    1.2779596900E-26
 1309.000000    1.0729249320E-07    4.3274062737E-27
 1310.000000    9.3920481734E-08    3.7880756589E-27
 1311.000000    1.2586678636E-07    5.0765594561E-27
 1312.000000    1.0833245725E-07    4.3693509318E-27
 1313.000000    5.3438373483E-08    2.1553190327E-27
 1314.000000    1.3445525059E-07    5.4229562346E-27
 1315.000000    1.2991334931E-07    5.2397686555E-27
 1316.000000    5.8294166780E-08    2.3511667546E-27
 1317.000000    2.2736693121E-07    9.1703441233E-27
 1318.000000    1.4653641838E-07    5.9102235139E-27
 1319.000000    1.3198143136E-07    5.3231801873E-27
 1320.000000    3.8405719377E-07    1.5490100566E-26
 1321.000000    2.5145704541E-07    1.0141965793E-26
 1322.000000    1.5598338332E-07    6.2912460268E-27
 1323.000000    7.4085329535E-07    2.9880685055E-26
 1324.000000    2.8659135419E-07    1.1559030712E-26
 1325.000000    3.3039707539E-07    1.3325837942E-26
 1326.000000    1.1492013729E-06    4.6350504891E-26
 1327.000000    4.0204267674E-07    1.6215505388E-26
 1328.000000    1.1943309212E-06    4.8170705769E-26
 1329.000000    1.1942973223E-06    4.8169350632E-26
 1330.000000    3.6042988934E-06    1.4537145310E-25
 1331.000000    7.4474641147E-07    3.0037705314E-26
 1332.000000    3.7185860695E-06    1.4998097449E-25
 1333.000000    1.1229550696E-06    4.5291918083E-26
 1334.000000    2.1342542699E-06    8.6080442736E-26
 1335.000000    3.0796021482E-06    1.2420896615E-25
 1336.000000    1.7275865939E-06    6.9678398196E-26
 1337.000000    1.2366722649E-05    4.9878450558E-25
 1338.000000    2.2682246137E-06    9.1483841324E-26
 1339.000000    9.2057853993E-06    3.7129506736E-25
 1340.000000    4.2337863936E-06    1.7076044422E-25
 1341.000000    4.5896323731E-06    1.8511270763E-25
 1342.000000    1.5667422730E-05    6.3191096964E-25
 1343.000000    4.3388068844E-06    1.7499621428E-25
 1344.000000    2.2725350382E-05    9.1657692795E-25
 1345.000000    6.9646668737E-06    2.8090449037E-25
 1346.000000    9.1126780335E-06    3.6753978694E-25
 1347.000000    2.6532053197E-05    1.0701118972E-24
 1348.000000    7.0011602372E-06    2.8237636976E-25
 1349.000000    2.9365339746E-05    1.1843862665E-24
 1350.000000    1.2045489880E-05    4.8582828975E-25
 1351.000000    1.0861954748E-05    4.3809300835E-25
 1352.000000    4.9160939025E-05    1.9827981400E-24
 1353.000000    9.3066945409E-06    3.7536501521E-25
 1354.000000    2.0705962231E-05    8.3512935702E-25
 1355.000000    2.3236124067E-05    9.3717785895E-25
 1356.000000    9.5913612134E-06    3.8684641813E-25
 1357.000000    3.8902409041E-05    1.5690429397E-24
 1358.000000    1.3757282157E-05    5.5486965900E-25
 1359.000000    1.0634908731E-05    4.2893560761E-25
 1360.000000    3.3076018819E-05    1.3340483297E-24
 1361.000000    9.2363963445E-06    3.7252969237E-25
 1362.000000    1.0735223828E-05    4.3298159596E-25
 1363.000000    1.3299126056E-05    5.3639094229E-25
 1364.000000    5.9196337430E-06    2.3875538197E-25
 1365.000000    5.2871077885E-06    2.1324384149E-25
 1366.000000    2.3155666861E-06    9.3393279485E-26
 1367.000000    5.9186751590E-06    2.3871671960E-25
 1368.000000    1.4466397761E-05    5.8347027419E-25
 1369.000000    7.2338425300E-06    2.9176109728E-25
 1370.000000    1.0949963207E-05    4.4164263559E-25
 1371.000000    3.2463278580E-05    1.3093348024E-24
 1372.000000    9.7929368085E-06    3.9497652555E-25
 1373.000000    1.5098615136E-05    6.0896936880E-25
 1374.000000    4.5331658062E-05    1.8283525309E-24
 1375.000000    1.0994704350E-05    4.4344717101E-25
 1376.000000    1.6101515782E-05    6.4941915626E-25
 1377.000000    4.9247867984E-05    1.9863042280E-24
 1378.000000    1.1732491587E-05    4.7320419337E-25
 1379.000000    1.5796267926E-05    6.3710765669E-25
 1380.000000    4.8031643278E-05    1.9372504846E-24
 1381.000000    1.1578011710E-05    4.6697358794E-25
 1382.000000    1.3804943572E-05    5.5679197712E-25
 1383.000000    4.5126016842E-05    1.8200584454E-24
 1384.000000    9.7874553240E-06    3.9475544195E-25
 1385.000000    1.0505899811E-05    4.2373231709E-25
 1386.000000    4.2155587196E-05    1.7002527116E-24
 1387.000000    8.6369621106E-06    3.4835283352E-25
 1388.000000    7.1261558698E-06    2.8741779315E-25
 1389.000000    3.7405826073E-05    1.5086815637E-24
 1390.000000    6.7098868826E-06    2.7062850088E-25
 1391.000000    4.8647090119E-06    1.9620731767E-25
 1392.000000    2.6223460256E-05    1.0576654810E-24
 1393.000000    6.4553880230E-06    2.6036385021E-25
 1394.000000    3.3515046423E-06    1.3517555406E-25
 1395.000000    1.2970312145E-05    5.2312895777E-25
 1396.000000    6.3482932908E-06    2.5604442020E-25
 1397.000000    2.4787269415E-06    9.9973988833E-26
 1398.000000    7.1284495292E-06    2.8751030285E-25
 1399.000000    7.3660230551E-06    2.9709230748E-25
 1400.000000    2.0180251549E-06    8.1392597516E-26
 1401.000000    5.0320822119E-06    2.0295794685E-25
 1402.000000    8.7166868973E-06    3.5156835710E-25
 1403.000000    1.9675267646E-06    7.9355856227E-26
 1404.000000    3.2226029871E-06    1.2997658986E-25
 1405.000000    3.5756002535E-06    1.4421395670E-25
 1406.000000    2.0433027749E-06    8.2412114614E-26
 1407.000000    1.8835478529E-06    7.5968751887E-26
 1408.000000    2.1509763092E-06    8.6754889340E-26
 1409.000000    2.9153706332E-06    1.1758504991E-25
 1410.000000    1.0980486464E-06    4.4287372390E-26
 1411.000000    1.9537781249E-06    7.8801335140E-26
 1412.000000    1.9165589892E-06    7.7300183321E-26
 1413.000000    7.8682965711E-07    3.1735040288E-26
 1414.000000    1.5549702736E-06    6.2716299310E-26
 1415.000000    1.4973636365E-06    6.0392862551E-26
 1416.000000    4.6292188283E-07    1.8670934006E-26
 1417.000000    8.0110255655E-07    3.2310706235E-26
 1418.000000    9.9555055746E-07    4.0153337847E-26
 1419.000000    2.5039641870E-07    1.0099187751E-26
 1420.000000    4.1121775790E-07    1.6585562067E-26
 1421.000000    6.3782645243E-07    2.5725324385E-26
 1422.000000    1.5653395689E-07    6.3134521982E-27
 1423.000000    2.7269223479E-07    1.0998440360E-26
 1424.000000    3.7795372209E-07    1.5243930487E-26
 1425.000000    1.4717436660E-07    5.9359537495E-27
 1426.000000    1.8047339399E-07    7.2789966387E-27
 1427.000000    1.0466160368E-07    4.2212951423E-27
 1428.000000    1.1003994132E-07    4.4382185391E-27
 1429.000000    1.4180892780E-07    5.7195505994E-27
 1430.000000    4.4691102219E-08    1.8025171225E-27
 1431.000000    4.9245296680E-08    1.9862005201E-27
 1432.000000    1.1439850455E-07    4.6140115818E-27
 1433.000000    2.3478198755E-08    9.4694140803E-28
 1434.000000    1.3349873961E-08    5.3843774721E-28
 1435.000000    7.0958274698E-08    2.8619456397E-27
 1436.000000    9.0234485852E-09    3.6394091377E-28
 1437.000000    4.2678339964E-09    1.7213367925E-28
 1438.000000    2.2239750918E-08    8.9699134368E-28
 1439.000000    3.0518152941E-09    1.2308824462E-28
 1440.000000    1.7666436146E-10    7.1253677053E-30
 1441.000000    5.9459059092E-11    2.3981501190E-30
 1442.000000    1.3244537092E-11    5.3418921670E-31
 1443.000000    0.0000000000E+00    0.0000000000E+00
 1444.000000    0.0000000000E+00    0.0000000000E+00
 1445.000000    0.0000000000E+00    0.0000000000E+00
 1446.000000    0.0000000000E+00    0.0000000000E+00
 1447.000000    0.0000000000E+00    0.0000000000E+00
 1448.000000    0.0000000000E+00    0.0000000000E+00
 1449.000000    0.0000000000E+00    0.0000000000E+00
 1450.000000    0.0000000000E+00    0.0000000000E+00
 1451.000000    0.0000000000E+00    0.0000000000E+00
 1452.000000    0.0000000000E+00    0.0000000000E+00
 1453.000000    0.0000000000E+00    0.0000000000E+00
 1454.000000    0.0000000000E+00    0.0000000000E+00
 1455.000000    0.0000000000E+00    0.0000000000E+00
 1456.000000    0.0000000000E+00    0.0000000000E+00
 1457.000000    0.0000000000E+00    0.0000000000E+00
 1458.000000    0.0000000000E+00    0.0000000000E+00
 1459.000000    0.0000000000E+00    0.0000000000E+00
 1460.000000    0.0000000000E+00    0.0000000000E+00
 1461.000000    0.0000000000E+00    0.0000000000E+00
 1462.000000    0.0000000000E+00    0.0000000000E+00
 1463.000000    0.0000000000E+00    0.0000000000E+00
 1464.000000    0.0000000000E+00    0.0000000000E+00
 1465.000000    0.0000000000E+00    0.0000000000E+00
 1466.000000    0.0000000000E+00    0.0000000000E+00
 1467.000000    0.0000000000E+00    0.0000000000E+00
 1468.000000    0.0000000000E+00    0.0000000000E+00
 1469.000000    0.0000000000E+00    0.0000000000E+00
 1470.000000    0.0000000000E+00    0.0000000000E+00
 1471.000000    0.0000000000E+00    0.0000000000E+00
 1472.000000    0.0000000000E+00    0.0000000000E+00
 1473.000000    0.0000000000E+00    0.0000000000E+00
 1474.000000    0.0000000000E+00    0.0000000000E+00
 1475.000000    0.0000000000E+00    0.0000000000E+00
 1476.000000    0.0000000000E+00    0.0000000000E+00
 1477.000000    0.0000000000E+00    0.0000000000E+00
 1478.000000    0.0000000000E+00    0.0000000000E+00
 1479.000000    0.0000000000E+00    0.0000000000E+00
 1480.000000    0.0000000000E+00    0.0000000000E+00
 1481.000000    0.0000000000E+00    0.0000000000E+00
 1482.000000    0.0000000000E+00    0.0000000000E+00
 1483.000000    0.0000000000E+00    0.0000000000E+00
 1484.000000    0.0000000000E+00    0.0000000000E+00
 1485.000000    0.0000000000E+00    0.0000000000E+00
 1486.000000    0.0000000000E+00    0.0000000000E+00
 1487.000000    0.0000000000E+00    0.0000000000E+00
 1488.000000    0.0000000000E+00    0.0000000000E+00
 1489.000000    0.0000000000E+00    0.0000000000E+00
 1490.000000    0.0000000000E+00    0.0000000000E+00
 1491.000000    0.0000000000E+00    0.0000000000E+00
 1492.000000    0.0000000000E+00    0.0000000000E+00
 1493.000000    0.0000000000E+00    0.0000000000E+00
 1494.000000    0.0000000000E+00    0.0000000000E+00
 1495.000000    0.0000000000E+00    0.0000000000E+00
 1496.000000    0.0000000000E+00    0.0000000000E+00
 1497.000000    0.0000000000E+00    0.0000000000E+00
 1498.000000    0.0000000000E+00    0.0000000000E+00
 1499.000000    0.0000000000E+00    0.0000000000E+00
 1500.000000    0.0000000000E+00    0.0000000000E+00
