# Absorption coefficients
# Pure H2O
# Wavenumber range: 500-1500 cm-1, T: 296 K, P: 1 atm, step: 1 cm-1, Profile: Voigt, Wing: 50 HW, Scut: 1e-28 cm/mol
# KNa, Ka and thier units definition in Eqs(2)-(3) of  https://spectra.iao.ru/home.sim-theory.sp-functions.
# WN,cm-1           KNa,cm-1       Ka,cm**2/molecule (FORMAT F12.6,3X,E17.10,3X,E17.10)

  500.000000    1.1116226956E-02    4.4834851753E-22
  501.000000    3.2095449936E-02    1.2944992446E-21
  502.000000    2.7021976098E-01    1.0898718578E-20
  503.000000    7.2149022522E-02    2.9099718291E-21
  504.000000    2.5246359542E-02    1.0182562769E-21
  505.000000    1.7485861833E-02    7.0525370357E-22
  506.000000    3.1067115182E-02    1.2530236285E-21
  507.000000    1.8911893033E-01    7.6276952949E-21
  508.000000    2.5274768655E-02    1.0194020959E-21
  509.000000    9.6321497597E-03    3.8849153426E-22
  510.000000    1.4570801731E-02    5.8768117824E-22
  511.000000    1.4757550255E-02    5.9521326843E-22
  512.000000    7.3312148966E-03    2.9568839711E-22
  513.000000    5.3421432156E-03    2.1546357416E-22
  514.000000    1.0178056900E-02    4.1050949576E-22
  515.000000    2.0799327627E-02    8.3889504450E-22
  516.000000    4.0038704915E-02    1.6148729297E-21
  517.000000    1.7265171050E-01    6.9635262716E-21
  518.000000    1.0446820258E-01    4.2134947351E-21
  519.000000    5.7698941017E-02    2.3271596352E-21
  520.000000    7.8741790351E-02    3.1758765911E-21
  521.000000    1.4125050924E-02    5.6970280176E-22
  522.000000    7.8345680576E-03    3.1599003762E-22
  523.000000    7.8111557269E-03    3.1504575286E-22
  524.000000    1.3028707465E-02    5.2548420431E-22
  525.000000    4.0933305620E-02    1.6509546778E-21
  526.000000    3.6777409496E-01    1.4833357659E-20
  527.000000    3.5562876898E-02    1.4343502700E-21
  528.000000    1.0421213319E-02    4.2031667408E-22
  529.000000    5.4117268059E-03    2.1827007493E-22
  530.000000    3.1742123203E-03    1.2802485895E-22
  531.000000    2.2345338636E-03    9.0124999162E-23
  532.000000    1.8968132752E-03    7.6503783463E-23
  533.000000    1.9827293325E-03    7.9969018301E-23
  534.000000    4.2572269640E-03    1.7170586797E-22
  535.000000    3.6430244446E-03    1.4693336287E-22
  536.000000    2.1332175975E-02    8.6038630838E-22
  537.000000    7.7487198592E-03    3.1252753972E-22
  538.000000    2.6538615939E-03    1.0703765910E-22
  539.000000    1.7600002094E-03    7.0985729947E-23
  540.000000    2.5067101182E-03    1.0110262860E-22
  541.000000    1.0570710648E-02    4.2634631941E-22
  542.000000    2.6945483955E-03    1.0867867158E-22
  543.000000    2.3832024875E-03    9.6121220488E-23
  544.000000    5.0422624857E-03    2.0336854576E-22
  545.000000    2.6140708639E-02    1.0543278769E-21
  546.000000    3.9975683245E-02    1.6123310895E-21
  547.000000    1.7963959255E-02    7.2453670951E-22
  548.000000    3.0547065332E-02    1.2320485638E-21
  549.000000    9.0488125976E-03    3.6496391532E-22
  550.000000    6.0306963803E-02    2.4323484870E-21
  551.000000    7.2768190647E-03    2.9349446110E-22
  552.000000    3.1209068743E-03    1.2587490125E-22
  553.000000    2.3150526801E-03    9.3372548187E-23
  554.000000    5.5796730194E-03    2.2504381535E-22
  555.000000    1.0176403707E-02    4.1044281787E-22
  556.000000    2.0732468489E-03    8.3619842850E-23
  557.000000    2.9618219592E-03    1.1945856178E-22
  558.000000    1.4256490726E-03    5.7500413651E-23
  559.000000    8.5309314482E-04    3.4407632041E-23
  560.000000    9.3259329507E-04    3.7614095408E-23
  561.000000    1.1210099351E-03    4.5213465372E-23
  562.000000    1.6962062309E-03    6.8412740407E-23
  563.000000    8.2523617041E-03    3.3284082367E-22
  564.000000    3.7207751693E-03    1.5006926701E-22
  565.000000    2.8748502314E-03    1.1595074880E-22
  566.000000    5.9489549817E-03    2.3993798952E-22
  567.000000    4.2481238219E-02    1.7133871280E-21
  568.000000    1.5461649716E-02    6.2361156858E-22
  569.000000    4.3879834372E-02    1.7697964217E-21
  570.000000    1.4748814638E-02    5.9486093657E-22
  571.000000    1.2527897295E-02    5.0528512976E-22
  572.000000    5.1805366223E-03    2.0894552835E-22
  573.000000    3.1745185522E-03    1.2803721014E-22
  574.000000    4.4236491856E-03    1.7841814154E-22
  575.000000    1.2183201708E-02    4.9138259288E-22
  576.000000    1.4864086733E-01    5.9951018251E-21
  577.000000    1.7945485881E-02    7.2379162669E-22
  578.000000    5.7301612635E-03    2.3111342705E-22
  579.000000    5.3910410819E-03    2.1743576184E-22
  580.000000    1.9646932287E-02    7.9241571799E-22
  581.000000    4.6901017970E-02    1.8916492044E-21
  582.000000    7.1780341467E-03    2.8951018912E-22
  583.000000    3.8546430426E-03    1.5546853267E-22
  584.000000    8.0533396021E-03    3.2481370576E-22
  585.000000    2.2778972800E-02    9.1873967002E-22
  586.000000    3.3055069056E-03    1.3332033672E-22
  587.000000    2.0487083449E-03    8.2630136369E-23
  588.000000    1.9024346634E-03    7.6730509765E-23
  589.000000    2.7263878965E-03    1.0996284768E-22
  590.000000    5.3697546634E-03    2.1657722106E-22
  591.000000    2.2762312825E-02    9.1806772667E-22
  592.000000    8.9428027008E-02    3.6068823975E-21
  593.000000    1.1949399378E-02    4.8195269109E-22
  594.000000    6.0066438099E-03    2.4226474127E-22
  595.000000    2.3095842721E-02    9.3151992002E-22
  596.000000    3.3445389610E-03    1.3489460866E-22
  597.000000    1.8913681952E-03    7.6284168161E-23
  598.000000    2.3736927642E-03    9.5737666755E-23
  599.000000    5.2870719188E-03    2.1324239476E-22
  600.000000    5.4244253908E-02    2.1878224437E-21
  601.000000    7.2336308885E-03    2.9175256119E-22
  602.000000    2.1455962125E-03    8.6537894998E-23
  603.000000    1.4407510917E-03    5.8109520310E-23
  604.000000    3.6735494769E-03    1.4816452277E-22
  605.000000    2.8216416980E-03    1.1380469986E-22
  606.000000    8.2699819353E-04    3.3355149686E-23
  607.000000    5.3899200648E-04    2.1739054808E-23
  608.000000    6.9091005931E-04    2.7866334689E-23
  609.000000    5.2957101318E-04    2.1359079805E-23
  610.000000    6.3707621029E-04    2.5695065022E-23
  611.000000    6.5889845900E-04    2.6575217334E-23
  612.000000    1.2451994798E-03    5.0222376979E-23
  613.000000    5.6823869861E-03    2.2918655685E-22
  614.000000    2.5860568043E-03    1.0430290233E-22
  615.000000    6.0391663757E-03    2.4357646729E-22
  616.000000    2.5102946969E-02    1.0124720468E-21
  617.000000    7.1560377347E-03    2.8862301232E-22
  618.000000    2.4024104457E-03    9.6895931151E-23
  619.000000    1.7985877596E-03    7.2542073747E-23
  620.000000    3.8405413453E-03    1.5489977179E-22
  621.000000    5.3635425878E-03    2.1632667068E-22
  622.000000    1.4134909245E-03    5.7010041541E-23
  623.000000    1.4723226134E-03    5.9382888063E-23
  624.000000    3.3621170737E-03    1.3560358309E-22
  625.000000    3.0615997494E-02    1.2348287907E-21
  626.000000    1.0253963963E-02    4.1357103985E-22
  627.000000    2.5305498649E-03    1.0206415225E-22
  628.000000    1.0880834313E-03    4.3885447398E-23
  629.000000    7.6112761447E-04    3.0698405038E-23
  630.000000    7.4897809823E-04    3.0208381074E-23
  631.000000    1.0506829803E-03    4.2376982626E-23
  632.000000    2.1696146712E-03    8.7506626599E-23
  633.000000    2.3790030134E-02    9.5951843952E-22
  634.000000    4.7847196836E-03    1.9298112438E-22
  635.000000    2.3072890190E-02    9.3059418025E-22
  636.000000    1.2957780503E-02    5.2262352161E-22
  637.000000    6.0900771913E-03    2.4562984285E-22
  638.000000    9.9495707891E-03    4.0129401198E-22
  639.000000    3.3804716631E-03    1.3634387501E-22
  640.000000    2.2590457693E-02    9.1113632860E-22
  641.000000    2.0962648734E-03    8.4548224147E-23
  642.000000    2.0552775048E-03    8.2895088954E-23
  643.000000    1.5148709443E-03    6.1098981228E-23
  644.000000    7.5090108554E-03    3.0285940530E-22
  645.000000    3.2330847519E-03    1.3039934874E-22
  646.000000    1.1468887195E-03    4.6257229109E-23
  647.000000    4.2963225331E-04    1.7328270160E-23
  648.000000    2.9222798934E-04    1.1786371969E-23
  649.000000    2.8976212942E-04    1.1686916943E-23
  650.000000    3.7528782775E-04    1.5136407513E-23
  651.000000    1.4595921660E-03    5.8869433523E-23
  652.000000    2.3263100261E-03    9.3826588429E-23
  653.000000    4.1382358860E-04    1.6690662506E-23
  654.000000    2.3939895607E-04    9.6556293314E-24
  655.000000    2.3299739183E-04    9.3974363449E-24
  656.000000    3.1192464827E-04    1.2580793302E-23
  657.000000    5.5453216648E-04    2.2365832917E-23
  658.000000    1.4913829659E-03    6.0151645381E-23
  659.000000    1.1818537165E-02    4.7667465211E-22
  660.000000    5.6207564917E-03    2.2670082667E-22
  661.000000    1.2269161661E-03    4.9484959813E-23
  662.000000    9.4052271216E-04    3.7933910972E-23
  663.000000    5.5754576940E-03    2.2487379949E-22
  664.000000    6.0255442524E-04    2.4302704897E-23
  665.000000    3.1750362869E-04    1.2805809183E-23
  666.000000    3.2825950762E-04    1.3239623857E-23
  667.000000    5.2596530182E-04    2.1213651383E-23
  668.000000    1.6207736118E-03    6.5370331943E-23
  669.000000    1.2065660720E-02    4.8664183612E-22
  670.000000    2.8232796890E-03    1.1387076461E-22
  671.000000    2.0484437794E-03    8.2619465700E-23
  672.000000    1.0508641704E-03    4.2384290530E-23
  673.000000    9.5118164584E-04    3.8363815573E-23
  674.000000    3.9665253276E-04    1.5998105809E-23
  675.000000    1.8157321214E-04    7.3233553802E-24
  676.000000    1.5588971807E-04    6.2874682452E-24
  677.000000    2.2718306024E-04    9.1629280931E-24
  678.000000    6.8920612814E-04    2.7797610380E-23
  679.000000    3.5273121963E-03    1.4226636432E-22
  680.000000    3.6815585635E-04    1.4848755163E-23
  681.000000    1.9216816795E-04    7.7506795746E-24
  682.000000    1.6013569619E-04    6.4587204161E-24
  683.000000    1.7727297028E-04    7.1499146012E-24
  684.000000    2.1162680062E-04    8.5355006424E-24
  685.000000    3.2261732755E-04    1.3012058957E-23
  686.000000    6.1318715296E-04    2.4731552539E-23
  687.000000    2.0543555973E-03    8.2857905850E-23
  688.000000    1.4195656422E-02    5.7255051892E-22
  689.000000    2.7030168779E-02    1.0902022915E-21
  690.000000    6.6467856561E-03    2.6808345196E-22
  691.000000    1.4760683123E-03    5.9533962574E-23
  692.000000    7.8104953478E-04    3.1501911792E-23
  693.000000    2.0230413991E-03    8.1594916669E-23
  694.000000    8.2716296715E-03    3.3361795467E-22
  695.000000    1.7947719410E-03    7.2388171115E-23
  696.000000    3.3863016944E-03    1.3657901648E-22
  697.000000    4.7918342706E-03    1.9326807557E-22
  698.000000    1.3372845304E-02    5.3936424571E-22
  699.000000    1.3101272855E-03    5.2841096942E-23
  700.000000    5.1904489332E-04    2.0934531957E-23
  701.000000    3.7609500927E-04    1.5168963401E-23
  702.000000    4.5720389339E-04    1.8440311503E-23
  703.000000    1.1218911739E-03    4.5249008196E-23
  704.000000    3.9658188917E-03    1.5995256555E-22
  705.000000    7.3683041817E-03    2.9718431169E-22
  706.000000    3.8375329221E-03    1.5477843367E-22
  707.000000    3.1870598706E-03    1.2854303658E-22
  708.000000    1.7488411366E-03    7.0535653337E-23
  709.000000    4.6991907977E-04    1.8953150525E-23
  710.000000    2.6278744746E-04    1.0598952591E-23
  711.000000    2.4733748549E-04    9.9758124214E-24
  712.000000    3.2275216198E-04    1.3017497207E-23
  713.000000    1.4230814011E-03    5.7396852279E-23
  714.000000    2.6657454195E-03    1.0751696701E-22
  715.000000    3.5670226882E-04    1.4386799951E-23
  716.000000    1.4608871561E-04    5.8921664096E-24
  717.000000    9.2096073086E-05    3.7144921564E-24
  718.000000    1.2138334829E-04    4.8957298617E-24
  719.000000    1.8223038342E-04    7.3498609355E-24
  720.000000    6.6923165598E-05    2.6991984063E-24
  721.000000    1.6554757570E-04    6.6769966500E-24
  722.000000    1.2764782455E-04    5.1483937068E-24
  723.000000    4.5848489777E-05    1.8491977992E-24
  724.000000    3.6800874665E-05    1.4842821818E-24
  725.000000    3.8097844171E-05    1.5365925887E-24
  726.000000    4.3867591407E-05    1.7693026287E-24
  727.000000    7.7183308955E-05    3.1130186784E-24
  728.000000    1.8578146521E-04    7.4930859939E-24
  729.000000    1.8482159302E-03    7.4543716646E-23
  730.000000    7.6028430603E-04    3.0664392051E-23
  731.000000    2.7330596261E-03    1.1023193719E-22
  732.000000    2.5941080010E-04    1.0462762960E-23
  733.000000    9.7840620068E-05    3.9461857998E-24
  734.000000    6.3600219527E-05    2.5651746993E-24
  735.000000    8.3674632233E-05    3.3748318979E-24
  736.000000    5.2734101710E-05    2.1269137827E-24
  737.000000    6.6224555523E-05    2.6710215085E-24
  738.000000    9.6920749849E-05    3.9090848616E-24
  739.000000    2.1351054734E-04    8.6114774152E-24
  740.000000    1.1233110989E-03    4.5306277742E-23
  741.000000    1.7895312543E-03    7.2176799566E-23
  742.000000    9.9889071360E-04    4.0288055685E-23
  743.000000    7.5014042046E-04    3.0255260780E-23
  744.000000    2.3164038202E-03    9.3427043447E-23
  745.000000    5.2447875387E-03    2.1153694747E-22
  746.000000    4.4579724163E-04    1.7980249341E-23
  747.000000    2.5355086140E-04    1.0226415246E-23
  748.000000    9.6161448343E-04    3.8784601086E-23
  749.000000    4.6047632297E-04    1.8572297739E-23
  750.000000    1.4459445971E-04    5.8318988906E-24
  751.000000    1.9707199875E-04    7.9484647836E-24
  752.000000    9.2433237779E-04    3.7280909513E-23
  753.000000    3.8387409419E-04    1.5482715649E-23
  754.000000    1.4581150691E-03    5.8809858075E-23
  755.000000    1.3047666004E-03    5.2624885522E-23
  756.000000    8.9825769082E-04    3.6229244475E-23
  757.000000    9.3116958706E-05    3.7556673282E-24
  758.000000    4.2387477503E-05    1.7096054961E-24
  759.000000    2.9002344483E-05    1.1697456525E-24
  760.000000    3.7939951304E-05    1.5302243278E-24
  761.000000    4.7713746313E-05    1.9244288111E-24
  762.000000    2.7272767406E-05    1.0999869725E-24
  763.000000    1.4883365780E-05    6.0028776036E-25
  764.000000    1.5058806788E-05    6.0736378683E-25
  765.000000    2.2486926728E-05    9.0696063530E-25
  766.000000    2.4946733268E-05    1.0061715114E-24
  767.000000    1.3659128468E-04    5.5091084624E-24
  768.000000    9.0751686186E-05    3.6602692735E-24
  769.000000    4.2684439130E-04    1.7215827889E-23
  770.000000    8.1191526951E-04    3.2746813184E-23
  771.000000    1.0006985149E-04    4.0360969368E-24
  772.000000    4.9286381315E-05    1.9878575783E-24
  773.000000    5.0357878627E-05    2.0310740611E-24
  774.000000    9.1147323231E-05    3.6762264218E-24
  775.000000    3.7818904687E-04    1.5253421793E-23
  776.000000    6.2071754631E-04    2.5035274360E-23
  777.000000    2.5157799094E-03    1.0146843864E-22
  778.000000    2.6459694461E-04    1.0671934671E-23
  779.000000    4.7518411571E-04    1.9165504147E-23
  780.000000    1.7881225959E-04    7.2119984431E-24
  781.000000    7.8934847759E-05    3.1836631362E-24
  782.000000    9.2179746942E-05    3.7178669571E-24
  783.000000    2.0019865329E-04    8.0745715041E-24
  784.000000    1.1202645201E-03    4.5183400699E-23
  785.000000    9.1178110765E-04    3.6774681692E-23
  786.000000    1.7491501658E-04    7.0548117346E-24
  787.000000    7.7986003897E-05    3.1453936100E-24
  788.000000    5.4560767599E-05    2.2005883260E-24
  789.000000    4.4196695664E-05    1.7825763237E-24
  790.000000    4.6161705845E-05    1.8618306790E-24
  791.000000    5.8340058249E-05    2.3530176859E-24
  792.000000    1.1204835620E-04    4.5192235273E-24
  793.000000    2.1559572592E-04    8.6955784984E-24
  794.000000    1.5315031476E-03    6.1769804496E-23
  795.000000    5.7175134857E-04    2.3060330680E-23
  796.000000    3.5569582323E-03    1.4346207186E-22
  797.000000    6.0759973512E-04    2.4506196353E-23
  798.000000    1.3424237332E-03    5.4143702989E-23
  799.000000    3.2387089503E-03    1.3062618839E-22
  800.000000    3.2315973391E-04    1.3033935722E-23
  801.000000    1.5148447345E-04    6.1097924113E-24
  802.000000    1.7904246249E-04    7.2212831700E-24
  803.000000    1.2878849107E-03    5.1943999770E-23
  804.000000    5.2614876197E-04    2.1221050844E-23
  805.000000    1.0660613137E-04    4.2997233814E-24
  806.000000    2.6119135124E-04    1.0534577567E-23
  807.000000    9.6655529573E-05    3.8983877862E-24
  808.000000    7.8741156702E-04    3.1758510343E-23
  809.000000    1.0937037783E-04    4.4112131712E-24
  810.000000    3.6256117069E-05    1.4623105846E-24
  811.000000    2.6837729510E-05    1.0824406777E-24
  812.000000    3.1578084038E-05    1.2736324313E-24
  813.000000    8.3979100826E-05    3.3871119677E-24
  814.000000    6.2917193379E-04    2.5376263448E-23
  815.000000    2.3052543110E-04    9.2977352562E-24
  816.000000    4.6834854389E-05    1.8889806422E-24
  817.000000    2.0085680141E-05    8.1011164582E-25
  818.000000    9.9158526800E-06    3.9993406636E-25
  819.000000    6.8327050433E-06    2.7558210074E-25
  820.000000    5.6845191634E-06    2.2927255352E-25
  821.000000    5.5262916062E-06    2.2289079368E-25
  822.000000    6.6084773136E-06    2.6653836939E-25
  823.000000    1.0879080120E-05    4.3878372248E-25
  824.000000    1.8062104368E-05    7.2849517634E-25
  825.000000    1.3843089365E-04    5.5833050361E-24
  826.000000    4.5500391221E-05    1.8351580110E-24
  827.000000    1.5363601326E-04    6.1965700282E-24
  828.000000    2.6619705977E-04    1.0736471789E-23
  829.000000    3.1838094076E-05    1.2841193632E-24
  830.000000    1.2625290265E-05    5.0921326058E-25
  831.000000    8.6432673276E-06    3.4860714055E-25
  832.000000    5.6707770025E-06    2.2871829374E-25
  833.000000    5.8813444459E-06    2.3721106755E-25
  834.000000    7.3571713169E-06    2.9673529212E-25
  835.000000    2.6067306624E-05    1.0513673683E-24
  836.000000    3.5257499604E-05    1.4220335498E-24
  837.000000    1.2744547245E-05    5.1402322808E-25
  838.000000    2.2744947584E-05    9.1736733791E-25
  839.000000    5.8428525705E-05    2.3565858258E-24
  840.000000    6.5347922706E-04    2.6356644556E-23
  841.000000    6.6166958459E-05    2.6686984578E-24
  842.000000    6.2531594460E-05    2.5220740621E-24
  843.000000    1.4252797693E-05    5.7485518614E-25
  844.000000    9.6930736591E-06    3.9094876548E-25
  845.000000    1.0153214781E-05    4.0950754361E-25
  846.000000    1.5403159425E-05    6.2125249156E-25
  847.000000    1.6879155191E-05    6.8078352815E-25
  848.000000    3.2675482278E-05    1.3178935710E-24
  849.000000    1.5023092753E-04    6.0592333993E-24
  850.000000    2.4459262158E-04    9.8651043845E-24
  851.000000    1.0121192543E-04    4.0821599721E-24
  852.000000    4.5338911801E-04    1.8286450945E-23
  853.000000    1.1042330718E-03    4.4536807559E-23
  854.000000    2.7253110541E-04    1.0991941562E-23
  855.000000    3.0868019807E-04    1.2449935553E-23
  856.000000    5.6607244327E-05    2.2831284549E-24
  857.000000    2.5995853119E-05    1.0484854487E-24
  858.000000    2.6250927253E-05    1.0587733018E-24
  859.000000    2.9332440435E-05    1.1830593453E-24
  860.000000    2.3069990252E-05    9.3047721765E-25
  861.000000    9.2132283069E-06    3.7159526064E-25
  862.000000    7.8862398061E-06    3.1807410373E-25
  863.000000    1.0252334844E-05    4.1350533294E-25
  864.000000    2.3131468365E-05    9.3295680187E-25
  865.000000    2.1228453532E-04    8.5620289222E-24
  866.000000    7.9427417023E-05    3.2035298320E-24
  867.000000    1.6355791051E-05    6.5967478888E-25
  868.000000    1.0240681400E-05    4.1303531694E-25
  869.000000    1.2205632303E-05    4.9228728148E-25
  870.000000    2.8607123717E-05    1.1538052938E-24
  871.000000    2.7617812777E-04    1.1139036172E-23
  872.000000    6.8761886324E-05    2.7733591548E-24
  873.000000    1.6338365358E-05    6.5897196200E-25
  874.000000    8.3193195293E-06    3.3554141999E-25
  875.000000    6.8876319452E-06    2.7779745629E-25
  876.000000    1.2236033731E-05    4.9351345609E-25
  877.000000    1.4264869641E-05    5.7534208159E-25
  878.000000    7.0808867571E-05    2.8559196325E-24
  879.000000    8.7353101274E-05    3.5231948405E-24
  880.000000    1.8261670973E-05    7.3654425558E-25
  881.000000    5.5428111593E-05    2.2355707346E-24
  882.000000    1.9348761705E-05    7.8038966463E-25
  883.000000    9.2616463914E-05    3.7354809737E-24
  884.000000    1.8359607202E-04    7.4049429757E-24
  885.000000    2.6931871308E-05    1.0862376796E-24
  886.000000    3.2631344439E-05    1.3161133685E-24
  887.000000    2.7823196011E-04    1.1221872973E-23
  888.000000    8.4567607270E-05    3.4108480782E-24
  889.000000    8.4019101899E-05    3.3887253228E-24
  890.000000    7.0818610888E-05    2.8563126077E-24
  891.000000    4.2777726771E-05    1.7253453404E-24
  892.000000    1.3440661476E-05    5.4209946156E-25
  893.000000    4.6875128131E-06    1.8906049948E-25
  894.000000    3.2359476143E-06    1.3051481599E-25
  895.000000    3.1081687036E-06    1.2536113521E-25
  896.000000    8.6088041730E-06    3.4721714516E-25
  897.000000    8.4613879757E-06    3.4127143770E-25
  898.000000    1.8501428062E-05    7.4621432942E-25
  899.000000    3.3525659989E-06    1.3521836154E-25
  900.000000    2.2140937711E-06    8.9300593075E-26
  901.000000    2.3214451494E-06    9.3630374350E-26
  902.000000    3.4669458081E-06    1.3983161909E-25
  903.000000    4.9039101533E-06    1.9778840932E-25
  904.000000    4.9791234419E-06    2.0082197157E-25
  905.000000    1.2857873606E-05    5.1859399709E-25
  906.000000    9.4378992705E-05    3.8065686884E-24
  907.000000    4.3016615527E-05    1.7349803919E-24
  908.000000    7.4827042066E-05    3.0179838459E-24
  909.000000    7.5152477899E-04    3.0311095831E-23
  910.000000    7.4090848477E-05    2.9882910998E-24
  911.000000    2.7415295237E-05    1.1057355185E-24
  912.000000    1.0396419973E-05    4.1931668910E-25
  913.000000    1.0552550422E-05    4.2561386668E-25
  914.000000    8.2390100492E-05    3.3230231409E-24
  915.000000    9.9594623503E-06    4.0169296630E-25
  916.000000    4.9466498955E-06    1.9951222264E-25
  917.000000    5.6900819855E-06    2.2949691769E-25
  918.000000    2.1056704824E-05    8.4927578658E-25
  919.000000    2.0270257204E-05    8.1755615492E-25
  920.000000    1.3055666378E-05    5.2657153270E-25
  921.000000    4.6760651549E-05    1.8859878341E-24
  922.000000    3.2255896169E-04    1.3009704899E-23
  923.000000    4.5982259620E-05    1.8545931110E-24
  924.000000    2.5873979447E-05    1.0435699427E-24
  925.000000    2.1466176028E-04    8.6579090522E-24
  926.000000    2.0011986485E-05    8.0713937461E-25
  927.000000    6.8020868321E-06    2.7434718266E-25
  928.000000    6.6360866225E-06    2.6765193002E-25
  929.000000    3.6565176126E-05    1.4747758006E-24
  930.000000    4.1736728054E-06    1.6833589511E-25
  931.000000    2.3199985024E-06    9.3572027030E-26
  932.000000    4.5730933077E-06    1.8444564087E-25
  933.000000    1.6399900246E-06    6.6145383609E-26
  934.000000    1.1956437692E-06    4.8223656597E-26
  935.000000    1.8746895255E-06    7.5611470770E-26
  936.000000    1.5474799632E-06    6.2414194144E-26
  937.000000    4.8084900368E-06    1.9393984920E-25
  938.000000    4.8784341057E-06    1.9676088909E-25
  939.000000    2.3052514280E-06    9.2977236280E-26
  940.000000    6.2703683850E-06    2.5290149084E-25
  941.000000    4.3879705773E-05    1.7697912350E-24
  942.000000    6.5272299840E-06    2.6326143739E-25
  943.000000    4.4479400355E-06    1.7939785944E-25
  944.000000    1.1781048178E-05    4.7516261643E-25
  945.000000    4.9988044994E-05    2.0161576365E-24
  946.000000    1.3711662703E-05    5.5302969885E-25
  947.000000    3.2111002136E-05    1.2951265084E-24
  948.000000    2.5552591324E-04    1.0306074610E-23
  949.000000    6.9025162959E-05    2.7839778377E-24
  950.000000    1.5571862403E-05    6.2805675441E-25
  951.000000    8.3736802159E-06    3.3773393849E-25
  952.000000    9.2163005158E-06    3.7171917141E-25
  953.000000    5.0978499412E-05    2.0561054328E-24
  954.000000    3.4937775635E-05    1.4091381881E-24
  955.000000    5.7103384725E-05    2.3031391846E-24
  956.000000    3.3482447716E-05    1.3504407436E-24
  957.000000    6.3267816797E-06    2.5517679677E-25
  958.000000    4.9361843568E-06    1.9909011820E-25
  959.000000    3.1032862019E-05    1.2516421027E-24
  960.000000    2.1133123591E-05    8.5235796912E-25
  961.000000    1.1123474702E-05    4.4864083940E-25
  962.000000    9.4687105078E-06    3.8189957220E-25
  963.000000    2.8212236881E-06    1.1378784035E-25
  964.000000    2.4849591369E-06    1.0022535070E-25
  965.000000    4.8230067782E-06    1.9452534997E-25
  966.000000    3.0207615754E-05    1.2183576131E-24
  967.000000    4.8240346435E-05    1.9456680666E-24
  968.000000    7.2706650015E-06    2.9324625052E-25
  969.000000    4.4250989587E-06    1.7847661494E-25
  970.000000    1.1563997073E-05    4.6640833843E-25
  971.000000    3.5506260313E-05    1.4320667648E-24
  972.000000    3.3053204432E-05    1.3331281616E-24
  973.000000    3.1183375336E-05    1.2577127256E-24
  974.000000    8.2953677564E-05    3.3457537801E-24
  975.000000    2.6485801187E-05    1.0682464243E-24
  976.000000    1.6283918358E-04    6.5677596222E-24
  977.000000    3.9719735068E-05    1.6020079839E-24
  978.000000    2.2650474077E-05    9.1355695722E-25
  979.000000    8.4263629557E-06    3.3985878070E-25
  980.000000    3.7980738193E-06    1.5318693771E-25
  981.000000    5.7366828884E-06    2.3137646242E-25
  982.000000    8.1694030969E-06    3.2949487106E-25
  983.000000    3.4675522287E-06    1.3985607773E-25
  984.000000    1.9662395031E-05    7.9303937370E-25
  985.000000    3.0173257075E-06    1.2169718315E-25
  986.000000    1.2237672047E-06    4.9357953394E-26
  987.000000    8.7942675379E-07    3.5469740128E-26
  988.000000    9.4071651148E-07    3.7941727440E-26
  989.000000    2.3468641647E-06    9.4655594317E-26
  990.000000    6.7669089418E-06    2.7292835998E-25
  991.000000    1.5770025296E-06    6.3604921801E-26
  992.000000    8.5466081857E-07    3.4470860707E-26
  993.000000    9.7856993844E-07    3.9468461999E-26
  994.000000    2.7484451072E-06    1.1085247667E-25
  995.000000    3.2482602941E-06    1.3101142079E-25
  996.000000    2.8859155054E-06    1.1639704224E-25
  997.000000    3.2743673447E-06    1.3206439115E-25
  998.000000    9.9938141417E-06    4.0307847011E-25
  999.000000    4.5933868544E-05    1.8526413636E-24
 1000.000000    3.0510487690E-05    1.2305732852E-24
 1001.000000    1.7196838719E-05    6.9359659317E-25
 1002.000000    4.9597398784E-06    2.0004017825E-25
 1003.000000    8.1984952165E-06    3.3066823759E-25
 1004.000000    1.8900706675E-05    7.6231835240E-25
 1005.000000    6.1505267445E-06    2.4806794237E-25
 1006.000000    4.4487621470E-06    1.7943101749E-25
 1007.000000    1.3238408608E-05    5.3394203780E-25
 1008.000000    7.8595583062E-06    3.1699796423E-25
 1009.000000    1.6474805028E-05    6.6447495538E-25
 1010.000000    1.9182042683E-04    7.7366542028E-24
 1011.000000    1.2059764966E-04    4.8640404389E-24
 1012.000000    2.0336922223E-05    8.2024494153E-25
 1013.000000    2.2878563658E-05    9.2275644782E-25
 1014.000000    1.3401083896E-04    5.4050318707E-24
 1015.000000    1.1643911992E-04    4.6963153058E-24
 1016.000000    2.4592397354E-05    9.9188015318E-25
 1017.000000    4.0601274815E-05    1.6375629469E-24
 1018.000000    1.4260959084E-04    5.7518435786E-24
 1019.000000    2.0566289048E-05    8.2949594695E-25
 1020.000000    1.1534086010E-05    4.6520194162E-25
 1021.000000    5.1886298040E-06    2.0927194900E-25
 1022.000000    1.3893975625E-05    5.6038288880E-25
 1023.000000    3.2743889119E-06    1.3206526102E-25
 1024.000000    2.9953606423E-06    1.2081127065E-25
 1025.000000    3.5229230290E-06    1.4208933694E-25
 1026.000000    5.7009389891E-06    2.2993481101E-25
 1027.000000    1.1450409791E-05    4.6182704575E-25
 1028.000000    8.0558991653E-05    3.2491694010E-24
 1029.000000    7.9732136490E-05    3.2158200202E-24
 1030.000000    7.4110221826E-05    2.9890724812E-24
 1031.000000    2.8843414913E-05    1.1633355785E-24
 1032.000000    2.0754436048E-05    8.3708444159E-25
 1033.000000    1.6749405040E-05    6.7555034176E-25
 1034.000000    4.0408463108E-06    1.6297863116E-25
 1035.000000    3.4742199696E-06    1.4012500636E-25
 1036.000000    2.8251617056E-06    1.1394667161E-25
 1037.000000    4.2979135788E-06    1.7334687292E-25
 1038.000000    1.5255487815E-05    6.1529648262E-25
 1039.000000    3.2956500887E-05    1.3292278373E-24
 1040.000000    3.1990713727E-05    1.2902749405E-24
 1041.000000    8.6161280658E-06    3.4751253824E-25
 1042.000000    1.6044803485E-05    6.4713179075E-25
 1043.000000    1.6890807090E-05    6.8125348181E-25
 1044.000000    4.2376187582E-06    1.7091501420E-25
 1045.000000    2.6239827424E-06    1.0583256146E-25
 1046.000000    2.6520447654E-06    1.0696438132E-25
 1047.000000    3.8117950555E-06    1.5374035354E-25
 1048.000000    9.1628515381E-06    3.6956342468E-25
 1049.000000    4.9710583812E-05    2.0049668512E-24
 1050.000000    3.8124524911E-05    1.5376686975E-24
 1051.000000    6.4743139019E-05    2.6112718383E-24
 1052.000000    2.1213568164E-05    8.5560252372E-25
 1053.000000    8.2318994209E-06    3.3201552256E-25
 1054.000000    8.0746816894E-06    3.2567449182E-25
 1055.000000    2.7531073205E-05    1.1104051677E-24
 1056.000000    3.0681782507E-05    1.2374820842E-24
 1057.000000    1.0268200922E-05    4.1414525624E-25
 1058.000000    1.6669111838E-05    6.7231189239E-25
 1059.000000    3.3754470362E-05    1.3614121776E-24
 1060.000000    1.5611812597E-04    6.2966805747E-24
 1061.000000    3.0491916722E-05    1.2298242662E-24
 1062.000000    4.0410782257E-05    1.6298798494E-24
 1063.000000    6.8102553607E-05    2.7467664226E-24
 1064.000000    4.2467700612E-05    1.7128411184E-24
 1065.000000    1.1305417081E-04    4.5597908431E-24
 1066.000000    1.0684949080E-03    4.3095387478E-23
 1067.000000    1.9703169996E-04    7.9468394207E-24
 1068.000000    4.8576658636E-05    1.9592324781E-24
 1069.000000    2.3792143549E-05    9.5960367948E-25
 1070.000000    1.5913696608E-05    6.4184388377E-25
 1071.000000    1.5014359642E-05    6.0557110911E-25
 1072.000000    3.1316821041E-05    1.2630949640E-24
 1073.000000    6.2851470272E-05    2.5349755481E-24
 1074.000000    2.1056372453E-04    8.4926238113E-24
 1075.000000    1.2078738417E-04    4.8716929624E-24
 1076.000000    4.4482249587E-05    1.7940935119E-24
 1077.000000    1.6500906015E-05    6.6552768120E-25
 1078.000000    7.3286954807E-06    2.9558678202E-25
 1079.000000    5.6559734079E-06    2.2812122338E-25
 1080.000000    5.4639997092E-06    2.2037838729E-25
 1081.000000    1.2156632178E-05    4.9031096942E-25
 1082.000000    7.4577272025E-06    3.0079099217E-25
 1083.000000    5.0607844652E-06    2.0411558899E-25
 1084.000000    7.4626589977E-06    3.0098990526E-25
 1085.000000    2.5056146062E-05    1.0105844354E-24
 1086.000000    1.8435146926E-05    7.4354102584E-25
 1087.000000    9.3715923948E-06    3.7798252713E-25
 1088.000000    2.4985181997E-05    1.0077222562E-24
 1089.000000    1.7684098770E-05    7.1324915358E-25
 1090.000000    4.9419804603E-05    1.9932389126E-24
 1091.000000    4.5913902024E-04    1.8518360580E-23
 1092.000000    1.0066452807E-04    4.0600819059E-24
 1093.000000    2.5832120126E-05    1.0418816392E-24
 1094.000000    1.4021257569E-05    5.6551652552E-25
 1095.000000    1.1115941759E-05    4.4833701473E-25
 1096.000000    1.1852407641E-05    4.7804074314E-25
 1097.000000    1.5600737517E-05    6.2922136851E-25
 1098.000000    2.9169481415E-05    1.1764867523E-24
 1099.000000    1.1413009768E-04    4.6031859821E-24
 1100.000000    2.9043361734E-04    1.1713999929E-23
 1101.000000    2.1950278440E-04    8.8531610920E-24
 1102.000000    1.5738889452E-04    6.3479342235E-24
 1103.000000    4.5879018426E-05    1.8504291049E-24
 1104.000000    3.5176726851E-05    1.4187757588E-24
 1105.000000    6.1266171016E-05    2.4710359961E-24
 1106.000000    2.3895069511E-04    9.6375497132E-24
 1107.000000    9.6087158527E-04    3.8754637926E-23
 1108.000000    1.0560401015E-04    4.2593050304E-24
 1109.000000    5.2376718003E-05    2.1124994985E-24
 1110.000000    6.7181679709E-05    2.7096250033E-24
 1111.000000    2.7146585231E-04    1.0948976926E-23
 1112.000000    2.8821439425E-04    1.1624492456E-23
 1113.000000    5.5895880772E-05    2.2544371736E-24
 1114.000000    2.8052545919E-05    1.1314376204E-24
 1115.000000    2.3944157633E-05    9.6573483257E-25
 1116.000000    1.9653470181E-05    7.9267940953E-25
 1117.000000    3.4141395303E-05    1.3770179424E-24
 1118.000000    5.5684655972E-05    2.2459178868E-24
 1119.000000    5.4090870599E-05    2.1816360659E-24
 1120.000000    1.4897693885E-04    6.0086565291E-24
 1121.000000    1.0851309648E-03    4.3766366171E-23
 1122.000000    2.5208038212E-04    1.0167106705E-23
 1123.000000    6.4221102595E-05    2.5902166496E-24
 1124.000000    4.0988223160E-05    1.6531696557E-24
 1125.000000    2.2093629256E-05    8.9109784848E-25
 1126.000000    2.0883209888E-05    8.4227825065E-25
 1127.000000    1.8066689698E-05    7.2868011554E-25
 1128.000000    1.6998708445E-05    6.8560544519E-25
 1129.000000    2.0356056163E-05    8.2101666682E-25
 1130.000000    3.1866819587E-05    1.2852779434E-24
 1131.000000    3.4125625915E-05    1.3763819189E-24
 1132.000000    5.5009132973E-05    2.2186721552E-24
 1133.000000    9.5315964677E-05    3.8443593881E-24
 1134.000000    2.0757878894E-04    8.3722330120E-24
 1135.000000    8.8582604977E-04    3.5727841629E-23
 1136.000000    2.9522512622E-03    1.1907254881E-22
 1137.000000    7.7350475158E-04    3.1197609588E-23
 1138.000000    4.1422384109E-04    1.6706805808E-23
 1139.000000    1.1232172659E-04    4.5302493195E-24
 1140.000000    6.3507910492E-05    2.5614516178E-24
 1141.000000    4.8861580338E-05    1.9707241670E-24
 1142.000000    4.3741045782E-05    1.7641986898E-24
 1143.000000    2.5158155178E-05    1.0146987483E-24
 1144.000000    2.4384165992E-05    9.8348160008E-25
 1145.000000    2.4934717594E-05    1.0056868857E-24
 1146.000000    2.9580703590E-05    1.1930724925E-24
 1147.000000    4.5959959241E-05    1.8536936743E-24
 1148.000000    9.0753340280E-05    3.6603359877E-24
 1149.000000    4.8315567671E-04    1.9487019493E-23
 1150.000000    4.3307080527E-04    1.7466956576E-23
 1151.000000    2.3126804397E-04    9.3276869099E-24
 1152.000000    4.8896693136E-04    1.9721403643E-23
 1153.000000    2.9654715167E-04    1.1960575864E-23
 1154.000000    6.8911505661E-05    2.7793937211E-24
 1155.000000    4.2461681855E-05    1.7125983651E-24
 1156.000000    2.4503429599E-05    9.8829183483E-25
 1157.000000    1.9492993723E-05    7.8620694524E-25
 1158.000000    2.0896516362E-05    8.4281493794E-25
 1159.000000    2.1709672416E-05    8.7561179543E-25
 1160.000000    2.5661244542E-05    1.0349897491E-24
 1161.000000    2.6993694537E-05    1.0887311833E-24
 1162.000000    4.2288091179E-05    1.7055969677E-24
 1163.000000    6.3104180620E-05    2.5451680631E-24
 1164.000000    1.6822408558E-04    6.7849477775E-24
 1165.000000    8.3781703923E-04    3.3791503986E-23
 1166.000000    5.3899286641E-04    2.1739089492E-23
 1167.000000    1.3823546208E-04    5.5754227343E-24
 1168.000000    7.4750011165E-05    3.0148769743E-24
 1169.000000    8.8691311523E-05    3.5771686019E-24
 1170.000000    1.1430257548E-04    4.6101424942E-24
 1171.000000    1.5659312045E-04    6.3158384301E-24
 1172.000000    2.6351774787E-04    1.0628407648E-23
 1173.000000    7.4692746323E-04    3.0125673231E-23
 1174.000000    3.7217229010E-03    1.5010749168E-22
 1175.000000    3.6810665510E-03    1.4846770740E-22
 1176.000000    6.0625198747E-04    2.4451837922E-23
 1177.000000    2.5919241249E-04    1.0453954777E-23
 1178.000000    1.4796000281E-04    5.9676406548E-24
 1179.000000    1.2836631989E-04    5.1773726329E-24
 1180.000000    9.6099791859E-05    3.8759733302E-24
 1181.000000    1.5740745375E-04    6.3486827693E-24
 1182.000000    8.3360270253E-05    3.3621528002E-24
 1183.000000    9.8466371782E-05    3.9714241162E-24
 1184.000000    2.0533366203E-04    8.2816807657E-24
 1185.000000    2.8358409602E-04    1.1437739581E-23
 1186.000000    9.1582490732E-04    3.6937779440E-23
 1187.000000    7.3759558631E-03    2.9749292540E-22
 1188.000000    9.5593567113E-04    3.8555558706E-23
 1189.000000    2.7723326014E-04    1.1181592611E-23
 1190.000000    1.5734409909E-04    6.3461274987E-24
 1191.000000    1.7236409063E-04    6.9519257580E-24
 1192.000000    1.0203995898E-04    4.1155568808E-24
 1193.000000    1.0092409855E-04    4.0705511095E-24
 1194.000000    9.9056853272E-05    3.9952398859E-24
 1195.000000    1.1337693205E-04    4.5728087063E-24
 1196.000000    1.8699748272E-04    7.5421313804E-24
 1197.000000    4.4638795230E-04    1.8004074354E-23
 1198.000000    3.1719350596E-03    1.2793301066E-22
 1199.000000    7.9884088003E-04    3.2219486496E-23
 1200.000000    2.1429490636E-04    8.6431128077E-24
 1201.000000    1.1983097643E-04    4.8331183637E-24
 1202.000000    7.7930998461E-05    3.1431750870E-24
 1203.000000    6.2248267807E-05    2.5106467059E-24
 1204.000000    6.2088427038E-05    2.5041998808E-24
 1205.000000    9.3061558799E-05    3.7534328951E-24
 1206.000000    2.4420468913E-04    9.8494579838E-24
 1207.000000    1.3465058600E-04    5.4308346579E-24
 1208.000000    1.4415422692E-04    5.8141430712E-24
 1209.000000    2.6103473800E-04    1.0528260917E-23
 1210.000000    4.5240546582E-04    1.8246777501E-23
 1211.000000    1.8506165918E-03    7.4640542040E-23
 1212.000000    6.9967457056E-03    2.8219831936E-22
 1213.000000    2.0931069200E-03    8.4420855054E-23
 1214.000000    5.1982001421E-04    2.0965794749E-23
 1215.000000    4.4474998910E-04    1.7938010718E-23
 1216.000000    2.6267666145E-04    1.0594484281E-23
 1217.000000    3.2514444105E-04    1.3113984511E-23
 1218.000000    1.3565722010E-03    5.4714350259E-23
 1219.000000    1.5504791693E-03    6.2535160515E-23
 1220.000000    4.2949722993E-04    1.7322824289E-23
 1221.000000    5.3135591295E-04    2.1431069804E-23
 1222.000000    3.4475397906E-04    1.3904892014E-23
 1223.000000    4.3531493256E-04    1.7557468505E-23
 1224.000000    1.1195630381E-03    4.5155107968E-23
 1225.000000    9.1392590090E-03    3.6861187201E-22
 1226.000000    2.1657727332E-03    8.7351670497E-23
 1227.000000    5.5248986151E-04    2.2283461046E-23
 1228.000000    2.3122599280E-04    9.3259908686E-24
 1229.000000    2.0580403258E-04    8.3006521251E-24
 1230.000000    1.3013855969E-04    5.2488520199E-24
 1231.000000    7.4462063506E-05    3.0032632400E-24
 1232.000000    6.6811422337E-05    2.6946914881E-24
 1233.000000    9.8901945243E-05    3.9889920119E-24
 1234.000000    6.2278494421E-05    2.5118658298E-24
 1235.000000    7.6380840062E-05    3.0806528640E-24
 1236.000000    1.4390006058E-04    5.8038918319E-24
 1237.000000    3.7008443671E-04    1.4926540202E-23
 1238.000000    2.1908816632E-04    8.8364383856E-24
 1239.000000    1.0983259787E-03    4.4298557976E-23
 1240.000000    5.5206962940E-04    2.2266511910E-23
 1241.000000    3.1715263591E-04    1.2791652662E-23
 1242.000000    5.0203521148E-04    2.0248483923E-23
 1243.000000    1.9530000687E-03    7.8769953957E-23
 1244.000000    9.8538177683E-03    3.9743202490E-22
 1245.000000    2.1243014054E-03    8.5679015879E-23
 1246.000000    5.1848262896E-04    2.0911854263E-23
 1247.000000    2.9557166307E-04    1.1921231681E-23
 1248.000000    3.2481622420E-04    1.3100746608E-23
 1249.000000    3.1985617658E-04    1.2900694018E-23
 1250.000000    2.2464805963E-04    9.0606844297E-24
 1251.000000    3.8467146282E-04    1.5514875755E-23
 1252.000000    5.2075580105E-04    2.1003537650E-23
 1253.000000    4.3488792644E-04    1.7540246154E-23
 1254.000000    4.9086675088E-04    1.9798028677E-23
 1255.000000    4.7831670600E-04    1.9291850273E-23
 1256.000000    6.1654773745E-04    2.4867094308E-23
 1257.000000    1.1153753403E-03    4.4986206407E-23
 1258.000000    1.8094607903E-03    7.2980613480E-23
 1259.000000    4.3593232054E-03    1.7582369488E-22
 1260.000000    2.0220621980E-02    8.1555422754E-22
 1261.000000    1.0264533369E-02    4.1399733356E-22
 1262.000000    2.4974843035E-03    1.0073052569E-22
 1263.000000    1.3990804851E-03    5.6428828221E-23
 1264.000000    3.2464352572E-03    1.3093781195E-22
 1265.000000    2.5817990844E-03    1.0413117658E-22
 1266.000000    7.6232557491E-03    3.0746722133E-22
 1267.000000    4.0571391184E-03    1.6363576565E-22
 1268.000000    8.3508446159E-03    3.3681291489E-22
 1269.000000    7.3489648221E-03    2.9640430124E-22
 1270.000000    2.2374033189E-02    9.0240732319E-22
 1271.000000    1.1077259770E-02    4.4677686193E-22
 1272.000000    3.0680110806E-02    1.2374146598E-21
 1273.000000    5.1834679064E-03    2.0906375523E-22
 1274.000000    1.8789620508E-03    7.5783793664E-23
 1275.000000    9.7655923492E-04    3.9387364704E-23
 1276.000000    7.0720593250E-04    2.8523592823E-23
 1277.000000    6.3063935541E-04    2.5435448665E-23
 1278.000000    6.2993666211E-04    2.5407107079E-23
 1279.000000    1.2167704554E-03    4.9075754929E-23
 1280.000000    5.9592543418E-03    2.4035339151E-22
 1281.000000    2.2423858249E-03    9.0441690717E-23
 1282.000000    9.0173944305E-04    3.6369673279E-23
 1283.000000    8.0539399656E-04    3.2483792010E-23
 1284.000000    2.0716475609E-03    8.3555339094E-23
 1285.000000    1.6773092592E-03    6.7650572695E-23
 1286.000000    2.7896106810E-03    1.1251279937E-22
 1287.000000    1.1912243976E-02    4.8045410987E-22
 1288.000000    1.8479207314E-02    7.4531810452E-22
 1289.000000    9.1401434888E-03    3.6864754555E-22
 1290.000000    3.8815661729E-03    1.5655441781E-22
 1291.000000    4.0335197040E-03    1.6268312862E-22
 1292.000000    1.1147873109E-03    4.4962489538E-23
 1293.000000    9.4016568302E-04    3.7919510988E-23
 1294.000000    7.5379159515E-04    3.0402522865E-23
 1295.000000    9.6645642839E-04    3.8979890266E-23
 1296.000000    3.3513310053E-03    1.3516855080E-22
 1297.000000    7.0495303238E-03    2.8432727061E-22
 1298.000000    1.1674879385E-03    4.7088053214E-23
 1299.000000    6.0064858917E-04    2.4225837199E-23
 1300.000000    5.5798341898E-04    2.2505031580E-23
 1301.000000    5.4192801349E-04    2.1857472181E-23
 1302.000000    5.2248017531E-04    2.1073086485E-23
 1303.000000    6.0864277258E-04    2.4548264970E-23
 1304.000000    7.6633579398E-04    3.0908465481E-23
 1305.000000    1.4653804666E-03    5.9102891872E-23
 1306.000000    2.2494624506E-03    9.0727110821E-23
 1307.000000    3.6749516515E-03    1.4822107640E-22
 1308.000000    1.9690268495E-02    7.9416358844E-22
 1309.000000    6.0852126868E-03    2.4543364378E-22
 1310.000000    3.4432781175E-03    1.3887703494E-22
 1311.000000    4.8175563398E-03    1.9430551855E-22
 1312.000000    2.0885826469E-02    8.4238378469E-22
 1313.000000    3.4808593600E-02    1.4039279154E-21
 1314.000000    2.7389914809E-02    1.1047118549E-21
 1315.000000    2.9486077064E-02    1.1892559401E-21
 1316.000000    1.6814254656E-02    6.7816590809E-22
 1317.000000    8.7168292177E-02    3.5157409728E-21
 1318.000000    3.1140570627E-02    1.2559862920E-21
 1319.000000    1.1710328875E-01    4.7231030922E-21
 1320.000000    4.7218007067E-02    1.9044342611E-21
 1321.000000    3.2628749042E-02    1.3160086889E-21
 1322.000000    6.4479128449E-03    2.6006235538E-22
 1323.000000    8.2772456931E-03    3.3384446452E-22
 1324.000000    5.0826077042E-03    2.0499578124E-22
 1325.000000    2.8337279444E-03    1.1429217197E-22
 1326.000000    3.1034246084E-03    1.2516979259E-22
 1327.000000    2.3921437104E-03    9.6481845009E-23
 1328.000000    3.6890597312E-03    1.4879009470E-22
 1329.000000    3.8093358597E-03    1.5364116729E-22
 1330.000000    9.9912444220E-03    4.0297482613E-22
 1331.000000    3.5850579448E-03    1.4459541184E-22
 1332.000000    3.8723619955E-03    1.5618318759E-22
 1333.000000    5.2367314830E-03    2.1121202422E-22
 1334.000000    6.7093885237E-03    2.7060840067E-22
 1335.000000    1.1873948408E-02    4.7890954252E-22
 1336.000000    4.1775960724E-02    1.6849413144E-21
 1337.000000    1.0415479591E-01    4.2008541678E-21
 1338.000000    1.0098315029E-01    4.0729328311E-21
 1339.000000    1.9260163674E-01    7.7681625832E-21
 1340.000000    2.0286752703E-01    8.1822146452E-21
 1341.000000    1.0065370835E-01    4.0596455166E-21
 1342.000000    2.1427389751E-02    8.6422654621E-22
 1343.000000    9.9614320163E-03    4.0177240844E-22
 1344.000000    9.7427094682E-03    3.9295071646E-22
 1345.000000    5.2642525991E-03    2.1232202779E-22
 1346.000000    5.2086721903E-03    2.1008031448E-22
 1347.000000    4.7877009269E-03    1.9310136627E-22
 1348.000000    6.6362829608E-03    2.6765984890E-22
 1349.000000    2.7307015609E-02    1.1013682983E-21
 1350.000000    1.7021750147E-02    6.8653478148E-22
 1351.000000    6.3291813261E-03    2.5527358122E-22
 1352.000000    6.1592918802E-03    2.4842146480E-22
 1353.000000    6.6740213915E-03    2.6918194533E-22
 1354.000000    1.6302812903E-02    6.5753803206E-22
 1355.000000    7.1448391665E-02    2.8817134275E-21
 1356.000000    1.3323966479E-02    5.3739282599E-22
 1357.000000    1.1448960520E-02    4.6176859257E-22
 1358.000000    4.8372749127E-02    1.9510082374E-21
 1359.000000    1.9236615891E-02    7.7586651037E-22
 1360.000000    3.7132875636E-02    1.4976727093E-21
 1361.000000    5.9072770266E-01    2.3825700105E-20
 1362.000000    1.2702112580E-01    5.1231171936E-21
 1363.000000    5.0769619016E-01    2.0476807024E-20
 1364.000000    1.2623880551E-01    5.0915640289E-21
 1365.000000    3.4114256771E-02    1.3759233695E-21
 1366.000000    1.9758443824E-02    7.9691329010E-22
 1367.000000    2.0381074739E-02    8.2202573598E-22
 1368.000000    5.8194488586E-02    2.3471464543E-21
 1369.000000    1.0431492909E-01    4.2073127868E-21
 1370.000000    3.2193246485E-02    1.2984436529E-21
 1371.000000    2.5400786591E-02    1.0244847516E-21
 1372.000000    4.7088912780E-02    1.8992275275E-21
 1373.000000    1.2599451551E-01    5.0817111298E-21
 1374.000000    4.5254181963E-01    1.8252277031E-20
 1375.000000    3.4204622277E-01    1.3795680631E-20
 1376.000000    6.8230959878E-02    2.7519454066E-21
 1377.000000    3.1656509854E-02    1.2767955637E-21
 1378.000000    1.4613426955E-01    5.8940037272E-21
 1379.000000    3.2127986557E-02    1.2958115375E-21
 1380.000000    3.4007155292E-02    1.3716036674E-21
 1381.000000    1.5201688608E-02    6.1312661013E-22
 1382.000000    2.1502942289E-02    8.6727379135E-22
 1383.000000    1.8374708996E-02    7.4110339512E-22
 1384.000000    2.3670935262E-02    9.5471501034E-22
 1385.000000    4.1013198320E-02    1.6541769737E-21
 1386.000000    1.2571831021E-01    5.0705709979E-21
 1387.000000    4.5818923490E-01    1.8480053081E-20
 1388.000000    4.8831070504E-01    1.9694936201E-20
 1389.000000    9.2425993733E-02    3.7277987787E-21
 1390.000000    5.1065938059E-02    2.0596320780E-21
 1391.000000    6.7781503131E-02    2.7338175592E-21
 1392.000000    5.1293988027E-02    2.0688299709E-21
 1393.000000    1.0206067987E-01    4.1163926123E-21
 1394.000000    5.4126525147E-01    2.1830741136E-20
 1395.000000    5.3559324804E-01    2.1601973377E-20
 1396.000000    4.2082295739E-01    1.6972966622E-20
 1397.000000    1.3369710943E-01    5.3923782815E-21
 1398.000000    2.8787655768E-01    1.1610866563E-20
 1399.000000    8.1870451932E-01    3.3020642613E-20
 1400.000000    2.1506938371E-01    8.6743496451E-21
 1401.000000    6.4754574542E-02    2.6117330649E-21
 1402.000000    4.0728454572E-02    1.6426924622E-21
 1403.000000    4.6234971056E-02    1.8647856699E-21
 1404.000000    1.0536856428E-01    4.2498088404E-21
 1405.000000    5.2982371509E-01    2.1369271979E-20
 1406.000000    9.7166856993E-02    3.9190110509E-21
 1407.000000    3.6206528810E-02    1.4603105515E-21
 1408.000000    2.3188313774E-02    9.3524953615E-22
 1409.000000    2.3391781481E-02    9.4345595773E-22
 1410.000000    6.7903939095E-02    2.7387557440E-21
 1411.000000    3.7508852862E-02    1.5128369222E-21
 1412.000000    7.4648056854E-02    3.0107648718E-21
 1413.000000    2.8369509888E-02    1.1442216636E-21
 1414.000000    3.2577655594E-02    1.3139479473E-21
 1415.000000    5.5155709910E-02    2.2245840130E-21
 1416.000000    2.2995035387E-01    9.2745407835E-21
 1417.000000    3.0278900482E-01    1.2212327256E-20
 1418.000000    3.9016255533E-01    1.5736346871E-20
 1419.000000    1.5632157478E+00    6.3048862339E-20
 1420.000000    1.0418628087E+00    4.2021240443E-20
 1421.000000    1.9735510985E-01    7.9598834456E-21
 1422.000000    1.0028993360E-01    4.0449734636E-21
 1423.000000    1.3872042820E-01    5.5949827742E-21
 1424.000000    4.7118900510E-01    1.9004370165E-20
 1425.000000    9.4136213673E-02    3.7967767312E-21
 1426.000000    4.6724195930E-02    1.8845174771E-21
 1427.000000    4.1706836872E-02    1.6821533562E-21
 1428.000000    7.5035453218E-02    3.0263896504E-21
 1429.000000    1.3355531240E-01    5.3866592109E-21
 1430.000000    6.7083266952E-01    2.7056557416E-20
 1431.000000    1.1835731759E-01    4.7736815817E-21
 1432.000000    1.1276049994E-01    4.5479462754E-21
 1433.000000    1.5084319949E-01    6.0839280395E-21
 1434.000000    1.0783061063E-01    4.3491100543E-21
 1435.000000    2.0186158701E-01    8.1416422713E-21
 1436.000000    8.3840178834E-01    3.3815088552E-20
 1437.000000    2.2964774776E+00    9.2623358329E-20
 1438.000000    3.2916619425E-01    1.3276193064E-20
 1439.000000    1.1328734510E-01    4.5691954141E-21
 1440.000000    6.1519478604E-02    2.4812525994E-21
 1441.000000    4.3906967002E-02    1.7708907565E-21
 1442.000000    3.3972168148E-02    1.3701925380E-21
 1443.000000    3.1410345786E-02    1.2668670785E-21
 1444.000000    3.2382968499E-02    1.3060956723E-21
 1445.000000    5.4161121691E-02    2.1844694889E-21
 1446.000000    7.1458397046E-02    2.8821169725E-21
 1447.000000    1.8014368463E-01    7.2656985384E-21
 1448.000000    8.2831810058E-01    3.3408385228E-20
 1449.000000    1.5979689416E-01    6.4450555829E-21
 1450.000000    7.9030826134E-02    3.1875342125E-21
 1451.000000    8.5513867105E-02    3.4490133834E-21
 1452.000000    3.2916169585E-01    1.3276011631E-20
 1453.000000    1.3202720159E-01    5.3250262286E-21
 1454.000000    2.0466773973E-01    8.2548222572E-21
 1455.000000    6.1171435482E-01    2.4672150471E-20
 1456.000000    1.3379114812E+00    5.3961711250E-20
 1457.000000    4.1662597458E+00    1.6803690569E-19
 1458.000000    1.4870138871E+00    5.9975428216E-20
 1459.000000    8.1706437754E-01    3.2954491109E-20
 1460.000000    3.0331397707E-01    1.2233500854E-20
 1461.000000    1.4373245491E-01    5.7971318267E-21
 1462.000000    1.1398910570E-01    4.5974993815E-21
 1463.000000    1.4541091306E-01    5.8648287374E-21
 1464.000000    3.8402545489E-01    1.5488820449E-20
 1465.000000    1.5279345670E+00    6.1625873661E-20
 1466.000000    2.9227239504E-01    1.1788162975E-20
 1467.000000    1.2771905254E-01    5.1512665308E-21
 1468.000000    9.7729717227E-02    3.9417127781E-21
 1469.000000    1.0401331104E-01    4.1951476873E-21
 1470.000000    1.6625356012E-01    6.7054709756E-21
 1471.000000    4.6057236843E-01    1.8576171520E-20
 1472.000000    2.1333046727E+00    8.6042142827E-20
 1473.000000    1.2436429735E+00    5.0159598727E-20
 1474.000000    1.0554523147E+00    4.2569343219E-20
 1475.000000    3.3616307392E-01    1.3558396786E-20
 1476.000000    9.5405342981E-01    3.8479642651E-20
 1477.000000    3.4183425383E-01    1.3787131330E-20
 1478.000000    1.0733983334E-01    4.3293156337E-21
 1479.000000    6.7326699954E-02    2.7154740753E-21
 1480.000000    6.9621236429E-02    2.8080191475E-21
 1481.000000    2.0959118044E-01    8.4533983885E-21
 1482.000000    1.0157334327E-01    4.0967369642E-21
 1483.000000    5.4809151664E-02    2.2106063498E-21
 1484.000000    5.6954289639E-02    2.2971257628E-21
 1485.000000    8.0131616366E-02    3.2319321607E-21
 1486.000000    2.2160897095E-01    8.9381094851E-21
 1487.000000    6.6029341893E-01    2.6631479969E-20
 1488.000000    4.1843107482E-01    1.6876495309E-20
 1489.000000    5.9997378017E-01    2.4198620265E-20
 1490.000000    1.0871383566E+00    4.3847329894E-20
 1491.000000    9.6868867464E-01    3.9069922999E-20
 1492.000000    2.2490137524E-01    9.0709013566E-21
 1493.000000    1.4325707490E-01    5.7779584214E-21
 1494.000000    1.7341880046E-01    6.9944651548E-21
 1495.000000    3.8646975396E-01    1.5587405865E-20
 1496.000000    2.1318687400E+00    8.5984227642E-20
 1497.000000    8.5464260067E-01    3.4470125928E-20
 1498.000000    5.2120587015E-01    2.1021690195E-20
 1499.000000    1.2542769881E+00    5.0588498275E-20
 1500.000000    2.8196938506E-01    1.1372613773E-20
