# Absorption coefficients
# IAO model, mean latitude, winter, H=0
# Wavenumber range: 500-1500 cm-1, T: 296 K, P: 1 atm, step: 1 cm-1, Profile: Voigt, Wing: 50 HW, Scut: 1e-28 cm/mol
# KNa, Ka and thier units definition in Eqs(2)-(3) of  https://spectra.iao.ru/home.sim-theory.sp-functions.
# WN,cm-1           KNa,cm-1       Ka,cm**2/molecule (FORMAT F12.6,3X,E17.10,3X,E17.10)

  500.000000    1.2933355920E-05    5.2163840988E-25
  501.000000    3.7197314322E-05    1.5002717017E-24
  502.000000    6.6814418770E-04    2.6948123426E-23
  503.000000    9.6655980696E-05    3.8984059813E-24
  504.000000    3.8360314164E-05    1.5471787374E-24
  505.000000    2.1828130854E-05    8.8038955548E-25
  506.000000    3.7864348041E-05    1.5271750368E-24
  507.000000    2.9295561082E-03    1.1815718978E-22
  508.000000    5.0420502567E-05    2.0335998597E-24
  509.000000    9.2103739308E-06    3.7148013566E-25
  510.000000    1.5962998937E-05    6.4383238460E-25
  511.000000    1.8639060142E-05    7.5176541607E-25
  512.000000    3.3805708522E-05    1.3634787558E-24
  513.000000    3.5279983387E-06    1.4229403837E-25
  514.000000    9.2026958477E-06    3.7117045710E-25
  515.000000    1.1122825094E-04    4.4861463888E-24
  516.000000    6.0427024972E-05    2.4371908897E-24
  517.000000    7.6615028948E-04    3.0900983566E-23
  518.000000    2.6881796471E-04    1.0842180214E-23
  519.000000    8.3008758976E-05    3.3479753675E-24
  520.000000    1.6915671553E-04    6.8225633513E-24
  521.000000    1.1940786639E-05    4.8160531526E-25
  522.000000    4.1481877703E-06    1.6730801238E-25
  523.000000    5.4632610408E-06    2.2034859473E-25
  524.000000    2.8783185547E-05    1.1609063598E-24
  525.000000    4.7392540155E-05    1.9114736686E-24
  526.000000    9.0797250789E-03    3.6621070213E-22
  527.000000    4.1923669707E-05    1.6908988307E-24
  528.000000    1.0412223513E-05    4.1995409006E-25
  529.000000    1.4246149491E-06    5.7458704557E-26
  530.000000    2.7802250531E-07    1.1213425075E-26
  531.000000    1.4865552845E-07    5.9956931490E-27
  532.000000    7.2561865923E-07    2.9266229580E-26
  533.000000    1.6203968837E-06    6.5355137448E-26
  534.000000    5.8357383022E-06    2.3537164424E-25
  535.000000    4.3830141385E-06    1.7677921646E-25
  536.000000    7.6652919937E-05    3.0916266062E-24
  537.000000    2.9189077462E-05    1.1772771157E-24
  538.000000    2.6543671717E-05    1.0705805046E-24
  539.000000    1.3799392047E-06    5.5656806861E-26
  540.000000    2.3682576735E-06    9.5518454348E-26
  541.000000    1.1490769396E-04    4.6345486147E-24
  542.000000    3.3076407369E-06    1.3340640010E-25
  543.000000    2.7627546521E-06    1.1142962063E-25
  544.000000    6.8884450105E-06    2.7783024948E-25
  545.000000    7.3267670803E-05    2.9550900424E-24
  546.000000    9.7976442260E-05    3.9516638886E-24
  547.000000    2.6375080638E-05    1.0637807549E-24
  548.000000    1.4256937320E-04    5.7502214890E-24
  549.000000    1.0381115924E-05    4.1869943402E-25
  550.000000    1.7335484411E-03    6.9918856164E-23
  551.000000    7.5372561957E-06    3.0399861885E-25
  552.000000    3.4957355372E-06    1.4099278937E-25
  553.000000    2.1475694736E-06    8.6617482133E-26
  554.000000    8.1037213838E-06    3.2684574390E-25
  555.000000    2.4415372202E-05    9.8474023378E-25
  556.000000    2.6721286497E-06    1.0777442053E-25
  557.000000    1.1644454614E-05    4.6965341605E-25
  558.000000    4.9380537813E-06    1.9916551732E-25
  559.000000    8.0129587181E-07    3.2318503179E-26
  560.000000    1.5142891455E-06    6.1075515654E-26
  561.000000    8.4322947447E-07    3.4009802634E-26
  562.000000    1.5019261494E-06    6.0576881451E-26
  563.000000    3.0295983579E-05    1.2219217346E-24
  564.000000    4.9422843791E-06    1.9933614915E-25
  565.000000    3.7882678511E-06    1.5279143560E-25
  566.000000    7.4660581097E-06    3.0112700096E-25
  567.000000    1.7467646983E-04    7.0451904775E-24
  568.000000    2.2321434486E-05    9.0028587042E-25
  569.000000    1.5821614316E-04    6.3812994745E-24
  570.000000    2.2288103876E-05    8.9894155370E-25
  571.000000    2.5254042511E-05    1.0185661525E-24
  572.000000    5.2215039860E-06    2.1059785668E-25
  573.000000    5.8341116334E-06    2.3530603614E-25
  574.000000    4.0087946164E-06    1.6168589670E-25
  575.000000    1.3001995666E-05    5.2440684278E-25
  576.000000    9.8516959413E-04    3.9734644568E-23
  577.000000    2.0315801224E-05    8.1939307257E-25
  578.000000    7.4264928656E-06    2.9953122402E-25
  579.000000    4.0056954959E-06    1.6156090050E-25
  580.000000    2.3805920885E-05    9.6015935795E-25
  581.000000    2.7733223720E-04    1.1185584632E-23
  582.000000    8.6574267884E-06    3.4917823120E-25
  583.000000    5.5949001772E-06    2.2565796921E-25
  584.000000    1.2790004375E-05    5.1585664123E-25
  585.000000    5.2906043968E-05    2.1338486948E-24
  586.000000    3.9801886330E-06    1.6053213740E-25
  587.000000    2.8882016007E-06    1.1648924685E-25
  588.000000    2.3008566621E-06    9.2799983084E-26
  589.000000    1.6206526404E-05    6.5365452828E-25
  590.000000    7.9516871226E-06    3.2071377702E-25
  591.000000    3.5966278398E-05    1.4506205805E-24
  592.000000    8.6938378427E-04    3.5064679084E-23
  593.000000    1.7415678468E-05    7.0242301218E-25
  594.000000    1.0741800770E-05    4.3324686242E-25
  595.000000    3.9660461248E-04    1.5996173050E-23
  596.000000    6.4007265531E-06    2.5815920029E-25
  597.000000    2.4272252269E-05    9.7896780669E-25
  598.000000    1.0497573169E-05    4.2339648035E-25
  599.000000    7.3179952318E-06    2.9515521106E-25
  600.000000    4.2851654227E-04    1.7283270414E-23
  601.000000    9.6384987555E-06    3.8874760701E-25
  602.000000    5.2270769990E-06    2.1082263188E-25
  603.000000    2.3546255701E-05    9.4968633497E-25
  604.000000    8.1089591987E-06    3.2705699962E-25
  605.000000    1.0514000455E-05    4.2405903873E-25
  606.000000    8.9580350677E-06    3.6130260370E-25
  607.000000    2.9596329711E-06    1.1937027377E-25
  608.000000    2.2680282308E-05    9.1475920651E-25
  609.000000    5.8442952427E-06    2.3571676958E-25
  610.000000    3.8523131426E-06    1.5537456129E-25
  611.000000    7.4069050833E-05    2.9874119399E-24
  612.000000    6.3992302077E-06    2.5809884849E-25
  613.000000    9.9130807534E-05    3.9982226680E-24
  614.000000    2.1871726010E-05    8.8214787005E-25
  615.000000    1.5851039854E-05    6.3931676167E-25
  616.000000    5.7761834523E-04    2.3296963062E-23
  617.000000    1.4471483343E-04    5.8367538992E-24
  618.000000    6.3412922800E-04    2.5576204985E-23
  619.000000    1.3700073909E-05    5.5256229036E-25
  620.000000    1.0062952607E-05    4.0586701773E-25
  621.000000    2.4320116044E-05    9.8089828657E-25
  622.000000    1.0215702174E-05    4.1202783492E-25
  623.000000    7.0550748187E-06    2.8455089560E-25
  624.000000    2.1304702467E-05    8.5927822500E-25
  625.000000    1.3578304133E-04    5.4765097480E-24
  626.000000    3.1800299331E-05    1.2825949954E-24
  627.000000    3.0402436997E-05    1.2262152986E-24
  628.000000    1.2585941560E-04    5.0762621725E-24
  629.000000    5.9252263728E-05    2.3898094837E-24
  630.000000    5.1888916128E-05    2.0928250848E-24
  631.000000    1.1386306458E-04    4.5924157905E-24
  632.000000    1.0765164191E-04    4.3418917451E-24
  633.000000    2.3398333726E-04    9.4372022809E-24
  634.000000    1.2898769082E-04    5.2024342598E-24
  635.000000    8.8563752142E-05    3.5720237753E-24
  636.000000    7.1484011894E-05    2.8831500909E-24
  637.000000    2.3484304831E-04    9.4718768318E-24
  638.000000    1.6781598543E-04    6.7684879574E-24
  639.000000    4.6491544560E-05    1.8751339967E-24
  640.000000    7.6516088947E-04    3.0861078297E-23
  641.000000    9.8064146851E-05    3.9552012600E-24
  642.000000    5.5239370130E-05    2.2279582636E-24
  643.000000    4.0714088382E-04    1.6421130335E-23
  644.000000    1.4713972698E-04    5.9345566369E-24
  645.000000    7.4151523501E-05    2.9907382932E-24
  646.000000    6.7584172866E-04    2.7258586778E-23
  647.000000    1.8644846718E-04    7.5199880485E-24
  648.000000    1.3285414732E-04    5.3583792626E-24
  649.000000    1.4374172275E-03    5.7975056247E-23
  650.000000    2.1735351169E-04    8.7664749137E-24
  651.000000    1.3447945898E-04    5.4239326266E-24
  652.000000    2.4680594432E-03    9.9543738797E-23
  653.000000    1.6787266140E-04    6.7707738578E-24
  654.000000    1.8013690547E-04    7.2654251156E-24
  655.000000    4.5508068744E-03    1.8354676670E-22
  656.000000    1.4636004609E-04    5.9031099265E-24
  657.000000    2.0797390816E-04    8.3881692752E-24
  658.000000    2.2751731581E-03    9.1764095551E-23
  659.000000    1.5030708576E-04    6.0623050734E-24
  660.000000    2.7796979446E-04    1.1211299100E-23
  661.000000    6.4513434858E-04    2.6020072272E-23
  662.000000    1.1208699322E-04    4.5207818662E-24
  663.000000    4.0178429264E-04    1.6205084034E-23
  664.000000    2.2668491366E-04    9.1428364484E-24
  665.000000    2.1753602917E-04    8.7738363539E-24
  666.000000    3.7080029486E-04    1.4955412763E-23
  667.000000    1.9013070295E-03    7.6685029140E-23
  668.000000    2.2592117229E-02    9.1120326233E-22
  669.000000    3.6327628498E-03    1.4651948405E-22
  670.000000    1.1489472330E-03    4.6340254717E-23
  671.000000    4.5195271796E-04    1.8228516914E-23
  672.000000    1.4371136598E-04    5.7962812511E-24
  673.000000    1.0999454356E-03    4.4363875204E-23
  674.000000    2.9154534173E-04    1.1758838882E-23
  675.000000    1.9579769506E-04    7.8970685523E-24
  676.000000    4.8760523650E-03    1.9666482682E-22
  677.000000    1.6785331748E-04    6.7699936636E-24
  678.000000    5.1572496138E-04    2.0800629818E-23
  679.000000    9.9822347437E-04    4.0261144061E-23
  680.000000    1.5813912564E-04    6.3781931425E-24
  681.000000    6.8593736528E-04    2.7665772033E-23
  682.000000    3.2481340572E-04    1.3100632931E-23
  683.000000    1.5805539117E-04    6.3748158972E-24
  684.000000    4.4121881962E-03    1.7795588779E-22
  685.000000    1.5115564427E-04    6.0965298109E-24
  686.000000    3.7695731072E-04    1.5203742430E-23
  687.000000    9.7757835724E-04    3.9428468757E-23
  688.000000    1.8984646565E-04    7.6570388288E-24
  689.000000    9.5818125776E-04    3.8646129495E-23
  690.000000    1.9948381871E-04    8.0457402265E-24
  691.000000    1.0425175952E-04    4.2047649812E-24
  692.000000    3.0332994012E-03    1.2234144689E-22
  693.000000    1.0797872595E-04    4.3550839593E-24
  694.000000    3.1431242890E-04    1.2677099172E-23
  695.000000    2.8090062714E-04    1.1329507777E-23
  696.000000    6.0029410899E-05    2.4211540022E-24
  697.000000    2.9885476211E-04    1.2053648245E-23
  698.000000    2.3644677821E-04    9.5365597431E-24
  699.000000    8.6640251146E-05    3.4944436015E-24
  700.000000    7.3051259645E-04    2.9463615753E-23
  701.000000    9.5323133844E-05    3.8446485407E-24
  702.000000    6.8725757399E-05    2.7719019742E-24
  703.000000    4.5712908765E-05    1.8437294378E-24
  704.000000    4.0363801502E-05    1.6279849842E-24
  705.000000    3.3619528813E-04    1.3559696076E-23
  706.000000    3.2384709097E-05    1.3061658755E-24
  707.000000    3.6329522546E-05    1.4652712328E-24
  708.000000    3.4273714300E-05    1.3823547376E-24
  709.000000    1.0599362715E-04    4.2750193738E-24
  710.000000    3.9659152137E-05    1.5995645049E-24
  711.000000    1.1571074790E-05    4.6669380254E-25
  712.000000    2.5499413428E-05    1.0284626478E-24
  713.000000    2.9279830685E-05    1.1809374469E-24
  714.000000    1.7768737863E-05    7.1666288486E-25
  715.000000    1.1649668145E-05    4.6986369234E-25
  716.000000    5.1520341115E-06    2.0779594239E-25
  717.000000    2.3610871629E-05    9.5229247604E-25
  718.000000    2.6877158690E-05    1.0840309668E-24
  719.000000    5.3801024274E-05    2.1699457532E-24
  720.000000    2.9723863231E-04    1.1988465212E-23
  721.000000    8.8528898711E-05    3.5706180390E-24
  722.000000    9.0741582665E-06    3.6598617702E-25
  723.000000    8.5609896876E-06    3.4528865326E-25
  724.000000    1.6897407669E-05    6.8151970162E-25
  725.000000    2.7193484336E-06    1.0967892646E-25
  726.000000    2.0213441947E-06    8.1526463672E-26
  727.000000    5.8607833495E-05    2.3638178104E-24
  728.000000    4.3244324556E-06    1.7441645337E-25
  729.000000    1.0371381698E-05    4.1830682544E-25
  730.000000    3.2742367736E-05    1.3205912485E-24
  731.000000    3.4130369315E-05    1.3765732335E-24
  732.000000    6.1079922245E-06    2.4635240624E-25
  733.000000    1.7379717634E-05    7.0097261122E-25
  734.000000    2.7842839152E-06    1.1229795601E-25
  735.000000    8.1609746491E-06    3.2915492819E-25
  736.000000    1.0043404555E-05    4.0507859014E-25
  737.000000    4.1034172805E-06    1.6550229334E-25
  738.000000    1.0196100735E-05    4.1123725406E-25
  739.000000    7.3606060103E-06    2.9687382291E-25
  740.000000    5.8873534101E-06    2.3745342588E-25
  741.000000    2.1380195577E-05    8.6232307321E-25
  742.000000    8.9685536509E-06    3.6172684757E-25
  743.000000    2.8870908359E-06    1.1644444661E-25
  744.000000    1.3265225046E-05    5.3502361976E-25
  745.000000    1.3544938661E-05    5.4630525201E-25
  746.000000    1.4505477247E-06    5.8504645915E-26
  747.000000    8.4088017417E-06    3.3915048784E-25
  748.000000    4.7171834878E-06    1.9025720076E-25
  749.000000    1.5063654489E-06    6.0755930813E-26
  750.000000    5.7866361080E-06    2.3339121545E-25
  751.000000    2.3598000069E-06    9.5177333004E-26
  752.000000    1.9328063269E-06    7.7955483884E-26
  753.000000    3.7075254033E-06    1.4953486690E-25
  754.000000    8.3591530385E-06    3.3714801680E-25
  755.000000    2.8573979674E-06    1.1524685019E-25
  756.000000    2.7952630699E-05    1.1274077602E-24
  757.000000    1.5753902355E-06    6.3539893471E-26
  758.000000    3.0872359384E-07    1.2451685826E-26
  759.000000    2.1151865638E-06    8.5311388831E-26
  760.000000    4.8194125619E-07    1.9438038518E-26
  761.000000    3.2205380640E-07    1.2989330574E-26
  762.000000    1.2857630557E-06    5.1858419426E-26
  763.000000    3.1105009330E-07    1.2545520055E-26
  764.000000    1.0936612867E-07    4.4110417904E-27
  765.000000    8.5835650518E-07    3.4619918082E-26
  766.000000    3.6663185412E-07    1.4787287892E-26
  767.000000    2.2085864813E-07    8.9078468675E-27
  768.000000    1.1497543047E-06    4.6372806174E-26
  769.000000    6.9384820936E-06    2.7984838496E-25
  770.000000    8.2232034723E-06    3.3166479064E-25
  771.000000    8.4557115026E-07    3.4104248967E-26
  772.000000    2.0521413719E-07    8.2768599948E-27
  773.000000    3.8999590329E-07    1.5729625328E-26
  774.000000    4.6370917547E-07    1.8702687720E-26
  775.000000    7.0002584218E-07    2.8233999702E-26
  776.000000    1.2220299446E-06    4.9287884835E-26
  777.000000    5.8872985541E-05    2.3745121338E-24
  778.000000    4.1960687910E-07    1.6923918784E-26
  779.000000    1.2681673696E-06    5.1148736201E-26
  780.000000    2.8911475476E-07    1.1660806513E-26
  781.000000    1.6853978394E-07    6.7976807753E-27
  782.000000    3.2303567565E-07    1.3028932106E-26
  783.000000    3.0135974541E-07    1.2154681227E-26
  784.000000    2.3697027554E-06    9.5576738541E-26
  785.000000    1.7848510156E-06    7.1988032452E-26
  786.000000    2.5315896382E-07    1.0210608921E-26
  787.000000    1.1030714457E-07    4.4489955931E-27
  788.000000    7.6606340837E-08    3.0897479408E-27
  789.000000    1.9022963216E-08    7.6724930055E-28
  790.000000    5.4743812623E-08    2.2079710436E-27
  791.000000    1.7298852566E-07    6.9771109688E-27
  792.000000    2.5917510531E-06    1.0453256731E-25
  793.000000    4.9847883732E-07    2.0105045409E-26
  794.000000    1.6918365214E-05    6.8236497804E-25
  795.000000    8.0431795902E-07    3.2440392407E-26
  796.000000    3.4400141228E-05    1.3874538891E-24
  797.000000    1.0026730072E-06    4.0440606161E-26
  798.000000    2.1081635776E-06    8.5028132157E-26
  799.000000    9.4488683605E-06    3.8109928292E-25
  800.000000    7.7188852491E-07    3.1132422647E-26
  801.000000    1.5330789201E-07    6.1833359808E-27
  802.000000    2.1516501034E-07    8.6782065346E-27
  803.000000    3.3675768112E-05    1.3582378958E-24
  804.000000    7.4181199211E-07    2.9919351976E-26
  805.000000    1.3031864630E-07    5.2561154164E-27
  806.000000    7.7557651061E-06    3.1281169423E-25
  807.000000    9.5545412608E-08    3.8536136648E-27
  808.000000    7.1441953003E-06    2.8814537382E-25
  809.000000    1.5432952593E-07    6.2245413334E-27
  810.000000    3.2997029185E-08    1.3308624569E-27
  811.000000    2.4713515058E-07    9.9676516887E-27
  812.000000    4.5681743076E-08    1.8424724384E-27
  813.000000    1.2046877544E-07    4.8588425810E-27
  814.000000    2.2805190779E-06    9.1979711442E-26
  815.000000    3.7129683127E-07    1.4975439465E-26
  816.000000    7.6063938031E-08    3.0678713189E-27
  817.000000    6.6317141702E-08    2.6747557679E-27
  818.000000    4.8876689352E-09    1.9713335558E-28
  819.000000    1.2903312117E-08    5.2042665929E-28
  820.000000    1.1713898333E-08    4.7245427545E-28
  821.000000    4.4198750225E-09    1.7826591898E-28
  822.000000    2.3911443304E-08    9.6441537220E-28
  823.000000    2.0416554950E-08    8.2345675208E-28
  824.000000    2.4034460180E-08    9.6937698680E-28
  825.000000    7.8001344636E-07    3.1460123449E-26
  826.000000    6.7131564155E-08    2.7076037028E-27
  827.000000    7.8538598344E-07    3.1676812892E-26
  828.000000    6.8170338541E-07    2.7495003786E-26
  829.000000    4.1987885456E-08    1.6934888315E-27
  830.000000    1.5770152156E-08    6.3605433463E-28
  831.000000    1.3578928345E-08    5.4767615102E-28
  832.000000    4.2876406568E-09    1.7293253725E-28
  833.000000    1.2290277482E-08    4.9570125823E-28
  834.000000    7.0554092339E-08    2.8456438349E-27
  835.000000    5.0944667382E-08    2.0547408925E-27
  836.000000    7.0203520208E-08    2.8315042806E-27
  837.000000    1.2622950347E-08    5.0911888513E-28
  838.000000    9.7749223125E-08    3.9424995055E-27
  839.000000    7.5346300045E-08    3.0389269722E-27
  840.000000    7.1409410399E-06    2.8801412040E-25
  841.000000    1.6444130350E-07    6.6323775984E-27
  842.000000    5.3152338441E-07    2.1437824396E-26
  843.000000    7.3585888248E-09    2.9679246418E-28
  844.000000    2.3660117898E-09    9.5427871580E-29
  845.000000    2.3979286787E-09    9.6715168959E-29
  846.000000    1.5548155290E-08    6.2710058025E-28
  847.000000    3.3064122301E-08    1.3335685098E-27
  848.000000    5.9041672458E-08    2.3813157489E-27
  849.000000    2.1136771543E-07    8.5250510125E-27
  850.000000    4.4493812390E-07    1.7945598720E-26
  851.000000    1.8533166348E-07    7.4749442325E-27
  852.000000    7.8767637680E-07    3.1769190861E-26
  853.000000    3.2602856786E-06    1.3149643818E-25
  854.000000    4.5711124658E-07    1.8436574798E-26
  855.000000    6.5358001852E-07    2.6360709758E-26
  856.000000    6.8010916342E-08    2.7430704355E-27
  857.000000    2.0427601818E-08    8.2390230317E-28
  858.000000    1.9716433872E-08    7.9521891125E-28
  859.000000    2.1659424371E-08    8.7358515129E-28
  860.000000    2.1468260285E-08    8.6587496912E-28
  861.000000    2.3270022350E-10    9.3854507149E-30
  862.000000    4.1644936979E-09    1.6796567604E-28
  863.000000    7.8158855791E-09    3.1523652102E-28
  864.000000    2.3953241773E-08    9.6610122134E-28
  865.000000    2.0544475237E-06    8.2861613496E-26
  866.000000    9.9512427892E-08    4.0136144842E-27
  867.000000    2.2277548956E-08    8.9851584427E-28
  868.000000    2.5992450546E-07    1.0483482134E-26
  869.000000    1.3970177388E-08    5.6345631896E-28
  870.000000    3.6981643319E-08    1.4915730871E-27
  871.000000    8.2913792821E-07    3.3441451169E-26
  872.000000    1.1535398414E-07    4.6525487455E-27
  873.000000    2.3756833526E-08    9.5817952751E-28
  874.000000    1.0039824706E-08    4.0493420483E-28
  875.000000    3.6619963961E-09    1.4769855472E-28
  876.000000    9.3689804821E-08    3.7787718139E-27
  877.000000    1.8014117835E-08    7.2655974529E-28
  878.000000    1.3680553331E-07    5.5177497085E-27
  879.000000    1.9203707169E-07    7.7453920960E-27
  880.000000    2.5977931899E-08    1.0477626358E-27
  881.000000    5.1764879392E-07    2.0878223364E-26
  882.000000    2.2912469990E-08    9.2412398498E-28
  883.000000    5.0896347522E-07    2.0527920174E-26
  884.000000    1.0733480559E-06    4.3291128505E-26
  885.000000    3.3745027494E-08    1.3610313203E-27
  886.000000    4.5606584403E-08    1.8394410790E-27
  887.000000    9.6077280500E-07    3.8750653842E-26
  888.000000    2.8059417132E-07    1.1317147557E-26
  889.000000    1.3404551465E-07    5.4064304381E-27
  890.000000    5.0131843464E-07    2.0219574309E-26
  891.000000    7.3412634077E-08    2.9609368166E-27
  892.000000    9.2913589957E-08    3.7474648979E-27
  893.000000    5.0121502794E-09    2.0215403628E-28
  894.000000    9.7731578939E-10    3.9417878661E-29
  895.000000    1.5984531045E-09    6.4470083471E-29
  896.000000    4.4758038843E-08    1.8052168638E-27
  897.000000    8.1583649334E-09    3.2904967106E-28
  898.000000    3.9667781796E-08    1.5999125631E-27
  899.000000    1.5573625366E-08    6.2812785966E-28
  900.000000    1.5315952790E-09    6.1773520415E-29
  901.000000    9.4526866335E-09    3.8125328454E-28
  902.000000    9.4629425067E-09    3.8166693259E-28
  903.000000    6.6076202565E-09    2.6650380188E-28
  904.000000    7.6596098139E-09    3.0893348242E-28
  905.000000    2.0325206633E-08    8.1977241904E-28
  906.000000    1.2506094710E-07    5.0440577052E-27
  907.000000    5.9408888432E-08    2.3961265959E-27
  908.000000    4.6223700335E-07    1.8643310902E-26
  909.000000    1.5541429131E-05    6.2682929547E-25
  910.000000    1.3875800724E-07    5.5964984420E-27
  911.000000    3.3182874763E-08    1.3383581287E-27
  912.000000    2.3331534827E-08    9.4102604171E-28
  913.000000    1.5071521975E-08    6.0787662584E-28
  914.000000    2.0691632253E-06    8.3455138891E-26
  915.000000    1.5795705957E-08    6.3708499088E-28
  916.000000    6.5266570510E-09    2.6323832941E-28
  917.000000    6.7221027158E-09    2.7112119959E-28
  918.000000    3.0495756891E-08    1.2299791509E-27
  919.000000    4.7626516276E-08    1.9209105798E-27
  920.000000    2.7205295718E-08    1.0972656507E-27
  921.000000    1.0532975437E-07    4.2482435281E-27
  922.000000    1.5321856655E-06    6.1797332352E-26
  923.000000    1.3336806399E-07    5.3791069588E-27
  924.000000    7.3782316267E-08    2.9758471330E-27
  925.000000    4.8188825235E-06    1.9435900725E-25
  926.000000    7.8929360350E-08    3.1834418137E-27
  927.000000    2.4583354006E-07    9.9151540966E-27
  928.000000    4.4199260179E-08    1.7826797577E-27
  929.000000    1.0424380871E-06    4.2044443029E-26
  930.000000    1.7142132930E-07    6.9139015572E-27
  931.000000    4.6274196313E-07    1.8663677342E-26
  932.000000    1.8949149620E-07    7.6427219182E-27
  933.000000    4.4718663799E-07    1.8036287581E-26
  934.000000    3.5942113598E-08    1.4496459466E-27
  935.000000    1.4109421512E-07    5.6907242386E-27
  936.000000    3.9216840098E-08    1.5817248235E-27
  937.000000    6.8121970585E-08    2.7475495637E-27
  938.000000    6.9503040797E-08    2.8032519872E-27
  939.000000    4.0030021444E-08    1.6145227011E-27
  940.000000    2.4211777172E-08    9.7652867690E-28
  941.000000    9.8284045960E-07    3.9640704059E-26
  942.000000    4.0797013882E-08    1.6454576508E-27
  943.000000    2.5921420693E-08    1.0454833808E-27
  944.000000    1.3942342961E-07    5.6233367868E-27
  945.000000    2.7252898243E-07    1.0991855936E-26
  946.000000    7.2143276887E-07    2.9097400916E-26
  947.000000    6.8092740833E-08    2.7463706460E-27
  948.000000    7.7918785806E-07    3.1426825164E-26
  949.000000    1.2709109491E-07    5.1259392433E-27
  950.000000    3.8510928648E-08    1.5532534408E-27
  951.000000    1.1210891667E-07    4.5216661005E-27
  952.000000    4.0227351599E-08    1.6224815780E-27
  953.000000    2.5775416274E-07    1.0395946143E-26
  954.000000    1.1015615092E-07    4.4429055971E-27
  955.000000    1.6767987397E-07    6.7629982017E-27
  956.000000    1.1981791322E-07    4.8325914877E-27
  957.000000    1.3950866543E-08    5.6267745857E-28
  958.000000    5.2345094603E-08    2.1112240383E-27
  959.000000    5.4301741138E-08    2.1901410644E-27
  960.000000    6.6614451993E-08    2.6867471234E-27
  961.000000    6.9389458522E-08    2.7986708964E-27
  962.000000    1.0091012409E-07    4.0699874803E-27
  963.000000    6.5299879412E-08    2.6337267352E-27
  964.000000    6.1368162170E-08    2.4751495846E-27
  965.000000    1.4042625064E-07    5.6637833632E-27
  966.000000    4.7797364635E-07    1.9278013718E-26
  967.000000    5.6546429675E-07    2.2806756300E-26
  968.000000    2.0835909526E-07    8.4037049479E-27
  969.000000    1.7677928857E-07    7.1300030373E-27
  970.000000    3.9554480765E-08    1.5953428157E-27
  971.000000    9.7856327053E-08    3.9468193064E-27
  972.000000    5.1247824385E-07    2.0669680621E-26
  973.000000    1.0486859363E-07    4.2296436258E-27
  974.000000    1.4958060087E-06    6.0330039065E-26
  975.000000    7.2815476150E-08    2.9368517676E-27
  976.000000    3.1580157272E-06    1.2737160506E-25
  977.000000    1.5192537033E-07    6.1275750154E-27
  978.000000    5.8335441075E-08    2.3528314624E-27
  979.000000    3.6678478190E-08    1.4793455897E-27
  980.000000    3.9013035846E-08    1.5735048281E-27
  981.000000    2.0724962410E-07    8.3589568735E-27
  982.000000    1.9463158483E-07    7.8500360660E-27
  983.000000    3.3443531784E-08    1.3488711552E-27
  984.000000    1.6545727701E-07    6.6733546513E-27
  985.000000    1.3107510036E-08    5.2866253237E-28
  986.000000    8.8333312389E-09    3.5627294957E-28
  987.000000    7.7617301426E-09    3.1305228083E-28
  988.000000    7.1756260113E-09    2.8941306229E-28
  989.000000    1.1459555820E-08    4.6219593066E-28
  990.000000    3.3211133840E-08    1.3394978963E-27
  991.000000    7.6348043896E-09    3.0793301029E-28
  992.000000    2.2381416401E-08    9.0270510877E-28
  993.000000    3.3636729990E-08    1.3566633791E-27
  994.000000    6.6047990538E-09    2.6639001489E-28
  995.000000    6.1842215733E-09    2.4942694903E-28
  996.000000    3.1971931140E-08    1.2895173862E-27
  997.000000    1.5139130292E-08    6.1060345834E-28
  998.000000    1.5539112370E-08    6.2673585400E-28
  999.000000    1.7270285575E-07    6.9655891024E-27
 1000.000000    7.5643481542E-08    3.0509131330E-27
 1001.000000    6.4631014244E-08    2.6067495326E-27
 1002.000000    1.7230790240E-08    6.9496595296E-28
 1003.000000    2.8090255702E-08    1.1329585615E-27
 1004.000000    4.7909127602E-08    1.9323090848E-27
 1005.000000    2.5586071112E-08    1.0319577944E-27
 1006.000000    5.2711355644E-08    2.1259963702E-27
 1007.000000    8.2136972545E-08    3.3128137830E-27
 1008.000000    5.0858125412E-08    2.0512504128E-27
 1009.000000    6.9607261185E-08    2.8074554869E-27
 1010.000000    4.5368279804E-06    1.8298295882E-25
 1011.000000    3.5162774036E-07    1.4182130028E-26
 1012.000000    1.1491688676E-07    4.6349193858E-27
 1013.000000    1.3392169933E-07    5.4014366202E-27
 1014.000000    2.4208810861E-07    9.7640903730E-27
 1015.000000    2.0632656285E-07    8.3217272322E-27
 1016.000000    8.3240385097E-08    3.3573174966E-27
 1017.000000    1.4906325383E-07    6.0121378536E-27
 1018.000000    9.2829433139E-07    3.7440706181E-26
 1019.000000    2.0362579417E-07    8.2127976793E-27
 1020.000000    9.5746412418E-08    3.8617205492E-27
 1021.000000    1.4671042743E-07    5.9172417856E-27
 1022.000000    2.7456434176E-07    1.1073947670E-26
 1023.000000    1.7518811047E-07    7.0658263751E-27
 1024.000000    1.3299683737E-07    5.3641343513E-27
 1025.000000    1.6221343124E-07    6.5425212804E-27
 1026.000000    1.1341795956E-07    4.5744634607E-27
 1027.000000    3.6833977710E-07    1.4856173201E-26
 1028.000000    2.6645993045E-07    1.0747074099E-26
 1029.000000    3.1686615168E-07    1.2780097952E-26
 1030.000000    2.5912050304E-07    1.0451054468E-26
 1031.000000    2.4067065854E-07    9.7069206478E-27
 1032.000000    2.7112151351E-07    1.0935088779E-26
 1033.000000    1.8755847569E-07    7.5647577956E-27
 1034.000000    2.5169811232E-07    1.0151688695E-26
 1035.000000    1.1518802906E-07    4.6458553131E-27
 1036.000000    9.4722101482E-08    3.8204072249E-27
 1037.000000    1.1007494519E-07    4.4396303429E-27
 1038.000000    2.4528279925E-07    9.8929411799E-27
 1039.000000    1.8506631556E-07    7.4642420087E-27
 1040.000000    1.8556085312E-07    7.4841880915E-27
 1041.000000    1.8806519149E-07    7.5851950606E-27
 1042.000000    6.3962107026E-08    2.5797706340E-27
 1043.000000    2.0725503952E-07    8.3591752926E-27
 1044.000000    2.4293295501E-08    9.7981653907E-28
 1045.000000    1.0311547996E-06    4.1589356492E-26
 1046.000000    1.1447588428E-07    4.6171325229E-27
 1047.000000    3.0915376014E-07    1.2469035635E-26
 1048.000000    1.8384755018E-07    7.4150857931E-27
 1049.000000    4.1596692878E-07    1.6777109409E-26
 1050.000000    2.1614111158E-07    8.7175754271E-27
 1051.000000    4.1992152278E-07    1.6936609243E-26
 1052.000000    4.6882969408E-07    1.8909212554E-26
 1053.000000    2.7754374933E-07    1.1194115508E-26
 1054.000000    7.3262947169E-07    2.9548995250E-26
 1055.000000    4.6628619532E-07    1.8806626137E-26
 1056.000000    3.6802894815E-07    1.4843636601E-26
 1057.000000    2.9301780010E-07    1.1818227246E-26
 1058.000000    1.2325856624E-07    4.9713626453E-27
 1059.000000    6.5786982460E-07    2.6533729632E-26
 1060.000000    1.4242980131E-06    5.7445921642E-26
 1061.000000    2.3274573189E-07    9.3872861959E-27
 1062.000000    1.6197687618E-07    6.5329803534E-27
 1063.000000    1.7033052384E-07    6.8699063231E-27
 1064.000000    8.2609381315E-08    3.3318673497E-27
 1065.000000    1.9117928464E-07    7.7107951455E-27
 1066.000000    6.0937752682E-06    2.4577899664E-25
 1067.000000    2.5564267865E-07    1.0310784086E-26
 1068.000000    1.3569889748E-07    5.4731159910E-27
 1069.000000    7.2057578072E-07    2.9062836188E-26
 1070.000000    3.7842293765E-08    1.5262855262E-27
 1071.000000    4.2224058902E-08    1.7030143670E-27
 1072.000000    3.6490435518E-07    1.4717613029E-26
 1073.000000    1.8804436413E-07    7.5843550351E-27
 1074.000000    5.0328354571E-07    2.0298832734E-26
 1075.000000    2.5495276702E-07    1.0282958020E-26
 1076.000000    1.5209330535E-06    6.1343483042E-26
 1077.000000    1.2275639208E-07    4.9511085572E-27
 1078.000000    4.1972075136E-08    1.6928511571E-27
 1079.000000    9.0037055038E-08    3.6314462010E-27
 1080.000000    2.2443371691E-07    9.0520393886E-27
 1081.000000    4.6678178727E-07    1.8826614746E-26
 1082.000000    7.7279009014E-08    3.1168785294E-27
 1083.000000    4.3397017480E-08    1.7503230664E-27
 1084.000000    5.9761472259E-08    2.4103472876E-27
 1085.000000    1.4413423318E-07    5.8133366679E-27
 1086.000000    9.4867839736E-08    3.8262852562E-27
 1087.000000    1.3305690248E-07    5.3665569450E-27
 1088.000000    6.4183318500E-07    2.5886927114E-26
 1089.000000    3.5946192284E-07    1.4498104514E-26
 1090.000000    3.1136780766E-07    1.2558334363E-26
 1091.000000    1.8982637349E-06    7.6562284556E-26
 1092.000000    3.1023934991E-07    1.2512820506E-26
 1093.000000    1.0970169380E-07    4.4245760706E-27
 1094.000000    3.7660926036E-08    1.5189704586E-27
 1095.000000    3.7203955282E-08    1.5005395502E-27
 1096.000000    2.6141847338E-08    1.0543738038E-27
 1097.000000    2.0120041907E-08    8.1149755192E-28
 1098.000000    3.7055855220E-08    1.4945662606E-27
 1099.000000    1.8815337804E-07    7.5887518709E-27
 1100.000000    6.7348836999E-07    2.7163669242E-26
 1101.000000    4.3747771685E-07    1.7644699643E-26
 1102.000000    2.6044301318E-07    1.0504395000E-26
 1103.000000    9.0297315074E-08    3.6419432160E-27
 1104.000000    6.2168986820E-08    2.5074490820E-27
 1105.000000    1.0123485114E-07    4.0830846304E-27
 1106.000000    3.6361416688E-07    1.4665576127E-26
 1107.000000    2.4034864999E-06    9.6939331427E-26
 1108.000000    1.5067328678E-07    6.0770749848E-27
 1109.000000    7.9567873349E-08    3.2091948284E-27
 1110.000000    7.7947992210E-08    3.1438604924E-27
 1111.000000    6.2247794608E-07    2.5106276205E-26
 1112.000000    5.7065702083E-07    2.3016193382E-26
 1113.000000    1.0502436055E-07    4.2359261413E-27
 1114.000000    3.4865014428E-08    1.4062035252E-27
 1115.000000    4.7301625650E-08    1.9078068323E-27
 1116.000000    7.9840302012E-08    3.2201826381E-27
 1117.000000    7.4735222644E-08    3.0142805119E-27
 1118.000000    9.5495164072E-08    3.8515870008E-27
 1119.000000    9.6906242277E-08    3.9084997307E-27
 1120.000000    1.9544920489E-07    7.8830129692E-27
 1121.000000    4.3048125838E-06    1.7362512908E-25
 1122.000000    4.7627788624E-07    1.9209618971E-26
 1123.000000    8.7688378568E-08    3.5367175113E-27
 1124.000000    9.8072129842E-08    3.9555232363E-27
 1125.000000    4.8852045611E-08    1.9703396048E-27
 1126.000000    9.2041264247E-08    3.7122815627E-27
 1127.000000    3.7775384698E-08    1.5235868965E-27
 1128.000000    3.3619143017E-08    1.3559540473E-27
 1129.000000    9.6526190365E-08    3.8931711743E-27
 1130.000000    1.0064572253E-07    4.0593234260E-27
 1131.000000    3.0806467035E-08    1.2425109599E-27
 1132.000000    2.3168606020E-07    9.3445466734E-27
 1133.000000    2.5935709501E-07    1.0460596884E-26
 1134.000000    3.3285646343E-07    1.3425031939E-26
 1135.000000    1.3747029789E-06    5.5445615231E-26
 1136.000000    9.7076641845E-06    3.9153724217E-25
 1137.000000    1.4797420037E-06    5.9682132823E-26
 1138.000000    6.9770116298E-07    2.8140238890E-26
 1139.000000    2.2675802288E-07    9.1457851480E-27
 1140.000000    1.6615130798E-07    6.7013468608E-27
 1141.000000    1.2446882693E-07    5.0201758431E-27
 1142.000000    1.2987418939E-07    5.2381892262E-27
 1143.000000    1.3508322824E-07    5.4482843292E-27
 1144.000000    9.6190758734E-08    3.8796422786E-27
 1145.000000    7.9368760483E-08    3.2011640497E-27
 1146.000000    1.6200832347E-07    6.5342487106E-27
 1147.000000    3.2215720935E-07    1.2993501103E-26
 1148.000000    1.4609838887E-07    5.8925565590E-27
 1149.000000    9.3482358762E-07    3.7704049343E-26
 1150.000000    7.3147692998E-07    2.9502510020E-26
 1151.000000    5.2410064480E-07    2.1138444551E-26
 1152.000000    9.9310445693E-07    4.0054679773E-26
 1153.000000    5.2013470536E-07    2.0978487123E-26
 1154.000000    1.4735182853E-07    5.9431112857E-27
 1155.000000    2.9122097502E-07    1.1745756266E-26
 1156.000000    1.0160319189E-07    4.0979408427E-27
 1157.000000    5.5892954744E-08    2.2543191587E-27
 1158.000000    1.3380135567E-07    5.3965828238E-27
 1159.000000    3.7466932103E-07    1.5111461408E-26
 1160.000000    1.7735594970E-07    7.1532613931E-27
 1161.000000    8.6184625878E-08    3.4760669604E-27
 1162.000000    1.5361448186E-07    6.1957016065E-27
 1163.000000    2.3325688855E-07    9.4079025730E-27
 1164.000000    1.2662879357E-06    5.1072933378E-26
 1165.000000    1.0347765875E-05    4.1735433329E-25
 1166.000000    4.9966163615E-06    2.0152750993E-25
 1167.000000    6.1782628725E-07    2.4918661797E-26
 1168.000000    1.2273602302E-07    4.9502870160E-27
 1169.000000    1.3838270023E-07    5.5813612609E-27
 1170.000000    7.0398949090E-07    2.8393864739E-26
 1171.000000    3.4027032799E-07    1.3724053828E-26
 1172.000000    4.0038534903E-07    1.6148660727E-26
 1173.000000    1.1207411304E-06    4.5202623725E-26
 1174.000000    7.6153916571E-06    3.0715004051E-25
 1175.000000    6.6881831278E-06    2.6975312776E-25
 1176.000000    8.4803686136E-07    3.4203697990E-26
 1177.000000    5.6209066011E-07    2.2670688100E-26
 1178.000000    2.1196469027E-07    8.5491286768E-27
 1179.000000    2.9129769203E-07    1.1748850477E-26
 1180.000000    2.1313518053E-07    8.5963378224E-27
 1181.000000    6.9796818759E-07    2.8151008739E-26
 1182.000000    1.5486080801E-07    6.2459694253E-27
 1183.000000    1.4897367663E-07    6.0085249548E-27
 1184.000000    8.3444261389E-07    3.3655403976E-26
 1185.000000    4.1403440929E-07    1.6699165494E-26
 1186.000000    1.4359045102E-06    5.7914044125E-26
 1187.000000    1.9243802770E-04    7.7615637729E-24
 1188.000000    1.4190064561E-06    5.7232498353E-26
 1189.000000    4.6338035668E-07    1.8689425539E-26
 1190.000000    2.5462203317E-07    1.0269618599E-26
 1191.000000    8.1586487811E-07    3.2906111943E-26
 1192.000000    2.2950580108E-07    9.2566107261E-27
 1193.000000    1.2096952977E-07    4.8790394035E-27
 1194.000000    2.0163766218E-07    8.1326107565E-27
 1195.000000    2.3262698323E-07    9.3824967300E-27
 1196.000000    3.8218620808E-07    1.5414638482E-26
 1197.000000    5.8418961856E-07    2.3562000890E-26
 1198.000000    1.9404835818E-05    7.8265129042E-25
 1199.000000    1.2747906267E-06    5.1415870680E-26
 1200.000000    2.6865614704E-07    1.0835653655E-26
 1201.000000    1.9277262562E-07    7.7750590427E-27
 1202.000000    1.1884515827E-07    4.7933575608E-27
 1203.000000    9.9694906499E-08    4.0209743567E-27
 1204.000000    1.3376179737E-07    5.3949873269E-27
 1205.000000    3.2219772809E-07    1.2995135338E-26
 1206.000000    3.9319875421E-06    1.5858805262E-25
 1207.000000    1.5100036663E-07    6.0902670298E-27
 1208.000000    1.9920253171E-07    8.0343951354E-27
 1209.000000    5.0368042294E-07    2.0314839902E-26
 1210.000000    9.9145335102E-07    3.9988086055E-26
 1211.000000    5.8765820747E-06    2.3701898780E-25
 1212.000000    2.7316370228E-05    1.1017455963E-24
 1213.000000    7.0774637626E-06    2.8545390431E-25
 1214.000000    7.2045248485E-07    2.9057863320E-26
 1215.000000    3.6291647326E-06    1.4637436193E-25
 1216.000000    4.2419669997E-07    1.7109039094E-26
 1217.000000    3.6104935211E-07    1.4562129976E-26
 1218.000000    2.9817729326E-06    1.2026324033E-25
 1219.000000    3.0210382566E-06    1.2184692064E-25
 1220.000000    6.4320067232E-07    2.5942081701E-26
 1221.000000    5.2881681882E-06    2.1328661037E-25
 1222.000000    9.5553277864E-07    3.8539308926E-26
 1223.000000    6.6497776342E-07    2.6820412681E-26
 1224.000000    2.6210717356E-06    1.0571515242E-25
 1225.000000    1.3923789055E-04    5.6158534778E-24
 1226.000000    5.0939460511E-06    2.0545308848E-25
 1227.000000    1.5923342893E-06    6.4223294542E-26
 1228.000000    2.7884606421E-07    1.1246641509E-26
 1229.000000    4.6401676637E-07    1.8715093721E-26
 1230.000000    1.4304971808E-06    5.7695951413E-26
 1231.000000    3.3025388280E-08    1.3320062585E-27
 1232.000000    3.9545660323E-08    1.5949870626E-27
 1233.000000    1.5837416329E-07    6.3876728684E-27
 1234.000000    4.2539826594E-08    1.7157501610E-27
 1235.000000    1.2376598921E-07    4.9918284327E-27
 1236.000000    3.7490499420E-06    1.5120966766E-25
 1237.000000    5.0870019142E-06    2.0517301202E-25
 1238.000000    2.0015305365E-06    8.0727323431E-26
 1239.000000    2.8235855519E-06    1.1388310092E-25
 1240.000000    6.3750163465E-06    2.5712223576E-25
 1241.000000    3.9730424118E-06    1.6024391031E-25
 1242.000000    1.6135540266E-06    6.5079145885E-26
 1243.000000    4.0890465329E-06    1.6492268090E-25
 1244.000000    8.3679715452E-05    3.3750369184E-24
 1245.000000    4.3537058422E-06    1.7559713091E-25
 1246.000000    9.8116906394E-07    3.9573291999E-26
 1247.000000    5.4559900855E-07    2.2005533677E-26
 1248.000000    1.5735265980E-06    6.3464727760E-26
 1249.000000    8.3589548346E-07    3.3714002269E-26
 1250.000000    2.6264320562E-06    1.0593134914E-25
 1251.000000    7.5135539275E-07    3.0304264010E-26
 1252.000000    9.0407831275E-07    3.6464006434E-26
 1253.000000    7.1524155616E-07    2.8847691995E-26
 1254.000000    2.6662623549E-06    1.0753781646E-25
 1255.000000    4.9691939648E-06    2.0042148799E-25
 1256.000000    1.1255001743E-06    4.5394569273E-26
 1257.000000    2.9318235933E-06    1.1824864380E-25
 1258.000000    2.5298983231E-06    1.0203787375E-25
 1259.000000    7.2870633101E-06    2.9390764016E-25
 1260.000000    6.1122220050E-05    2.4652300511E-24
 1261.000000    1.9483913298E-05    7.8584070630E-25
 1262.000000    7.0964139312E-06    2.8621821760E-25
 1263.000000    3.5181929408E-06    1.4189855925E-25
 1264.000000    6.7095453874E-05    2.7061472742E-24
 1265.000000    5.4161976118E-06    2.1845039504E-25
 1266.000000    6.5464421850E-05    2.6403631918E-24
 1267.000000    6.0062473674E-06    2.4224875164E-25
 1268.000000    3.4292488685E-05    1.3831119610E-24
 1269.000000    1.6947208257E-05    6.8352829859E-25
 1270.000000    4.0279672314E-04    1.6245918188E-23
 1271.000000    1.9963397022E-05    8.0517962568E-25
 1272.000000    1.4817372799E-04    5.9762607892E-24
 1273.000000    8.1433582083E-06    3.2844440787E-25
 1274.000000    2.9954936052E-06    1.2081663342E-25
 1275.000000    6.8744203685E-06    2.7726459645E-25
 1276.000000    1.3656404575E-06    5.5080098402E-26
 1277.000000    1.9287853102E-06    7.7793305038E-26
 1278.000000    1.8840776924E-06    7.5990121796E-26
 1279.000000    3.4495315633E-06    1.3912925390E-25
 1280.000000    1.2955185201E-04    5.2251884583E-24
 1281.000000    7.6997971406E-06    3.1055434968E-25
 1282.000000    2.1068136617E-06    8.4973686273E-26
 1283.000000    7.6971723577E-06    3.1044848485E-25
 1284.000000    6.3779759949E-06    2.5724160665E-25
 1285.000000    3.9214291447E-06    1.5816220293E-25
 1286.000000    2.1671063456E-05    8.7405458815E-25
 1287.000000    2.2277991360E-05    8.9853368765E-25
 1288.000000    4.4053535740E-05    1.7768022836E-24
 1289.000000    4.5578337616E-05    1.8383018071E-24
 1290.000000    5.4731719754E-06    2.2074833044E-25
 1291.000000    4.8459878540E-06    1.9545224102E-25
 1292.000000    3.5336155997E-06    1.4252059821E-25
 1293.000000    5.5996280561E-06    2.2584865778E-25
 1294.000000    7.7359153689E-06    3.1201109883E-25
 1295.000000    4.1444185679E-06    1.6715598991E-25
 1296.000000    4.9378190712E-06    1.9915605080E-25
 1297.000000    2.0716232215E-05    8.3554357417E-25
 1298.000000    3.3459704145E-06    1.3495234318E-25
 1299.000000    1.3503117259E-06    5.4461847793E-26
 1300.000000    5.4178973638E-06    2.1851895079E-25
 1301.000000    3.8119234339E-06    1.5374553140E-25
 1302.000000    1.0703082176E-05    4.3168523327E-25
 1303.000000    6.2001587635E-06    2.5006974048E-25
 1304.000000    8.7691293911E-06    3.5368350952E-25
 1305.000000    1.6547755388E-05    6.6741724740E-25
 1306.000000    2.5794470160E-05    1.0403631108E-24
 1307.000000    1.0206520183E-05    4.1165749954E-25
 1308.000000    1.1861387593E-04    4.7840292972E-24
 1309.000000    7.9376523721E-06    3.2014771628E-25
 1310.000000    4.9045289791E-06    1.9781336830E-25
 1311.000000    7.0526313867E-06    2.8445234515E-25
 1312.000000    3.2068141036E-05    1.2933978004E-24
 1313.000000    6.0251523716E-05    2.4301124332E-24
 1314.000000    4.2233077707E-05    1.7033781206E-24
 1315.000000    4.9911107942E-05    2.0130545501E-24
 1316.000000    3.6737533429E-05    1.4817274526E-24
 1317.000000    2.0962862445E-03    8.4549086100E-23
 1318.000000    4.2904274430E-05    1.7304493613E-24
 1319.000000    1.9464642895E-03    7.8506347708E-23
 1320.000000    6.6889551208E-04    2.6978426440E-23
 1321.000000    6.2102847066E-05    2.5047814808E-24
 1322.000000    1.3344983869E-05    5.3824051610E-25
 1323.000000    1.6124256438E-05    6.5033635053E-25
 1324.000000    6.1236563642E-06    2.4698418479E-25
 1325.000000    2.6417558544E-06    1.0654940077E-25
 1326.000000    8.1319167094E-06    3.2798294023E-25
 1327.000000    1.0504501866E-05    4.2367593409E-25
 1328.000000    1.4346336603E-05    5.7862787196E-25
 1329.000000    4.0284183552E-06    1.6247737696E-25
 1330.000000    1.2230814886E-04    4.9330296549E-24
 1331.000000    2.2728337298E-06    9.1669739863E-26
 1332.000000    1.4174588516E-05    5.7170079135E-25
 1333.000000    5.8343812180E-06    2.3531690924E-25
 1334.000000    5.3036689688E-06    2.1391180020E-25
 1335.000000    9.3427168510E-06    3.7681789571E-25
 1336.000000    4.5440832823E-05    1.8327558543E-24
 1337.000000    1.6857184887E-04    6.7989740434E-24
 1338.000000    1.5718516419E-04    6.3397172096E-24
 1339.000000    4.1348368224E-04    1.6676953132E-23
 1340.000000    6.7396731682E-04    2.7182986507E-23
 1341.000000    1.7046654080E-04    6.8753922672E-24
 1342.000000    3.0531462778E-05    1.2314192692E-24
 1343.000000    1.5466159432E-05    6.2379345803E-25
 1344.000000    2.0163849932E-05    8.1326445207E-25
 1345.000000    6.5671614627E-06    2.6487198559E-25
 1346.000000    3.1816040378E-05    1.2832298759E-24
 1347.000000    2.0383482254E-05    8.2212283777E-25
 1348.000000    1.4575059752E-05    5.8785291616E-25
 1349.000000    7.4762594615E-05    3.0153845000E-24
 1350.000000    2.9457713025E-05    1.1881119391E-24
 1351.000000    1.2857083033E-05    5.1856211107E-25
 1352.000000    7.5610700185E-06    3.0495909692E-25
 1353.000000    1.2746080317E-05    5.1408506115E-25
 1354.000000    2.2073513418E-05    8.9028652047E-25
 1355.000000    4.8745151931E-04    1.9660282838E-23
 1356.000000    2.0748713756E-05    8.3685364557E-25
 1357.000000    9.8357077606E-06    3.9670159765E-25
 1358.000000    9.3692828621E-04    3.7788937722E-23
 1359.000000    3.4934387874E-05    1.4090015502E-24
 1360.000000    4.4183174625E-05    1.7820309823E-24
 1361.000000    4.3452673755E-03    1.7525678396E-22
 1362.000000    1.6376681899E-04    6.6051737524E-24
 1363.000000    3.4069576421E-03    1.3741212861E-22
 1364.000000    1.5155317459E-04    6.1125633203E-24
 1365.000000    3.1819241156E-05    1.2833589722E-24
 1366.000000    1.9543873493E-05    7.8825906865E-25
 1367.000000    1.4054499628E-05    5.6685727071E-25
 1368.000000    8.0833669646E-05    3.2602479326E-24
 1369.000000    2.2915244293E-04    9.2423588038E-24
 1370.000000    6.4019428950E-05    2.5820825875E-24
 1371.000000    7.9638403781E-05    3.2120395179E-24
 1372.000000    8.8555617584E-05    3.5716956859E-24
 1373.000000    1.8860011207E-04    7.6067699037E-24
 1374.000000    1.7541424953E-03    7.0749471956E-23
 1375.000000    4.1436410262E-03    1.6712462948E-22
 1376.000000    1.0412713204E-04    4.1997384065E-24
 1377.000000    3.9822880235E-05    1.6061681169E-24
 1378.000000    3.6489949952E-03    1.4717417187E-22
 1379.000000    3.1443892208E-05    1.2682200995E-24
 1380.000000    6.0123125686E-05    2.4249337816E-24
 1381.000000    6.9418236769E-06    2.7998316036E-25
 1382.000000    9.7982591491E-05    3.9519119043E-24
 1383.000000    1.7854820886E-05    7.2013485388E-25
 1384.000000    1.8481079817E-05    7.4539362781E-25
 1385.000000    3.3366479408E-05    1.3457634174E-24
 1386.000000    1.5417873554E-04    6.2184595354E-24
 1387.000000    5.7060814799E-04    2.3014222204E-23
 1388.000000    6.6620131969E-04    2.6869762127E-23
 1389.000000    7.8688253051E-05    3.1737172821E-24
 1390.000000    7.1376695570E-05    2.8788217235E-24
 1391.000000    6.2588712587E-04    2.5243777959E-23
 1392.000000    4.9106705767E-05    1.9806107610E-24
 1393.000000    1.0386775586E-04    4.1892770399E-24
 1394.000000    9.3593143818E-04    3.7748732053E-23
 1395.000000    8.4837246800E-04    3.4217233945E-23
 1396.000000    1.6272654767E-03    6.5632167011E-23
 1397.000000    1.4588384708E-04    5.8839034888E-24
 1398.000000    4.0417672190E-04    1.6301577397E-23
 1399.000000    4.2790540687E-03    1.7258621614E-22
 1400.000000    3.2785011965E-04    1.3223112095E-23
 1401.000000    8.4475167568E-05    3.4071197265E-24
 1402.000000    4.6280383506E-05    1.8666172810E-24
 1403.000000    5.0393645949E-05    2.0325166572E-24
 1404.000000    1.3288530007E-04    5.3596357400E-24
 1405.000000    1.5104504073E-02    6.0920688609E-22
 1406.000000    1.2164745876E-04    4.9063821757E-24
 1407.000000    3.3984368505E-05    1.3706846126E-24
 1408.000000    1.8061055693E-05    7.2845288036E-25
 1409.000000    1.7811629916E-05    7.1839284130E-25
 1410.000000    1.1812436941E-03    4.7642861304E-23
 1411.000000    2.8897717291E-05    1.1655257452E-24
 1412.000000    7.4776000133E-04    3.0159251820E-23
 1413.000000    1.1826823797E-05    4.7700887516E-25
 1414.000000    1.4849508472E-05    5.9892220045E-25
 1415.000000    1.7010176452E-04    6.8606798199E-24
 1416.000000    1.3391370493E-03    5.4011141838E-23
 1417.000000    3.8607082191E-04    1.5571315820E-23
 1418.000000    4.4376540326E-04    1.7898299618E-23
 1419.000000    9.0109126623E-03    3.6343530495E-22
 1420.000000    1.7015406456E-03    6.8627892267E-23
 1421.000000    2.3233446321E-04    9.3706985799E-24
 1422.000000    1.1567513590E-04    4.6655016940E-24
 1423.000000    1.6684679141E-04    6.7293976523E-24
 1424.000000    2.8641838875E-03    1.1552054532E-22
 1425.000000    1.1048659833E-04    4.4562334649E-24
 1426.000000    4.8412529476E-05    1.9526126901E-24
 1427.000000    3.5301199519E-05    1.4237960896E-24
 1428.000000    1.1840166955E-04    4.7754704203E-24
 1429.000000    1.7314745163E-04    6.9835208976E-24
 1430.000000    1.2665257324E-02    5.1082524384E-22
 1431.000000    1.3566612695E-04    5.4717942639E-24
 1432.000000    1.6178638340E-03    6.5252972468E-23
 1433.000000    2.9985136215E-04    1.2093843912E-23
 1434.000000    1.3265893661E-04    5.3505058687E-24
 1435.000000    2.3052310608E-04    9.2976414815E-24
 1436.000000    1.2203734066E-03    4.9221072028E-23
 1437.000000    2.0630394370E-02    8.3208149386E-22
 1438.000000    4.0533426428E-04    1.6348264318E-23
 1439.000000    1.0849014176E-04    4.3757107888E-24
 1440.000000    5.2528595570E-05    2.1186251454E-24
 1441.000000    3.1604077414E-05    1.2746808168E-24
 1442.000000    2.8965464264E-06    1.1682581701E-25
 1443.000000    1.8803356277E-05    7.5839193862E-25
 1444.000000    1.5710378515E-05    6.3364349656E-25
 1445.000000    1.1056638406E-04    4.4594514467E-24
 1446.000000    7.5154039253E-05    3.0311725569E-24
 1447.000000    2.2947103309E-04    9.2552084362E-24
 1448.000000    1.8177492211E-02    7.3314909073E-22
 1449.000000    1.8242905228E-04    7.3578738060E-24
 1450.000000    5.5691373286E-05    2.2461888148E-24
 1451.000000    5.9730135691E-05    2.4090833962E-24
 1452.000000    4.0730993386E-03    1.6427948596E-22
 1453.000000    1.3414846921E-04    5.4105828836E-24
 1454.000000    2.3992183021E-04    9.6767183075E-24
 1455.000000    1.0689278798E-03    4.3112850443E-23
 1456.000000    1.8781860398E-03    7.5752494971E-23
 1457.000000    4.3467881191E-02    1.7531811980E-21
 1458.000000    3.9635240927E-03    1.5986000989E-22
 1459.000000    2.1418913720E-03    8.6388468421E-23
 1460.000000    3.8680330111E-04    1.5600858755E-23
 1461.000000    1.9508122515E-04    7.8681713175E-24
 1462.000000    9.4535886326E-05    3.8128966469E-24
 1463.000000    1.3171558888E-04    5.3124580169E-24
 1464.000000    5.3566021017E-04    2.1604674147E-23
 1465.000000    2.1916696859E-02    8.8396167012E-22
 1466.000000    3.6345614309E-04    1.4659202586E-23
 1467.000000    1.4534214003E-04    5.8620549287E-24
 1468.000000    9.6811786681E-05    3.9046900723E-24
 1469.000000    1.1056531627E-04    4.4594083797E-24
 1470.000000    2.1829892143E-04    8.8046059320E-24
 1471.000000    6.2616655902E-04    2.5255048279E-23
 1472.000000    4.3644090680E-02    1.7602882194E-21
 1473.000000    2.0776387311E-03    8.3796979740E-23
 1474.000000    1.7994762358E-03    7.2577908479E-23
 1475.000000    3.7841505910E-04    1.5262537498E-23
 1476.000000    5.9581229721E-03    2.4030776021E-22
 1477.000000    4.5322739591E-04    1.8279928240E-23
 1478.000000    8.9378840511E-05    3.6048985685E-24
 1479.000000    4.0716717115E-05    1.6422190577E-24
 1480.000000    4.6187411977E-05    1.8628674792E-24
 1481.000000    7.0495898352E-04    2.8432967087E-23
 1482.000000    1.7494031904E-04    7.0558322537E-24
 1483.000000    3.6392976650E-05    1.4678305142E-24
 1484.000000    6.5859567974E-05    2.6563005400E-24
 1485.000000    1.2771792040E-04    5.1512208684E-24
 1486.000000    6.1783084386E-04    2.4918845577E-23
 1487.000000    1.9093085135E-03    7.7007751364E-23
 1488.000000    6.7954188237E-04    2.7407824324E-23
 1489.000000    5.7387765270E-03    2.3146090472E-22
 1490.000000    5.5546263215E-03    2.2403361199E-22
 1491.000000    5.7000289218E-03    2.2989810545E-22
 1492.000000    2.5309254558E-04    1.0207930088E-23
 1493.000000    1.6685591106E-04    6.7297654736E-24
 1494.000000    1.6214756804E-04    6.5398648333E-24
 1495.000000    4.4052857729E-04    1.7767749375E-23
 1496.000000    9.0714936873E-03    3.6587870709E-22
 1497.000000    1.1976202912E-03    4.8303375259E-23
 1498.000000    7.1711022379E-04    2.8923060586E-23
 1499.000000    8.2080128282E-03    3.3105210949E-22
 1500.000000    3.9114034614E-04    1.5775783909E-23
