# Absorption coefficients
# Pure NH3
# Wavenumber range: 500-1500 cm-1, T: 296 K, P: 1 atm, step: 1 cm-1, Profile: Voigt, Wing: 50 HW, Scut: 1e-28 cm/mol
# KNa, Ka and thier units definition in Eqs(2)-(3) of  https://spectra.iao.ru/home.sim-theory.sp-functions.
# WN,cm-1           KNa,cm-1       Ka,cm**2/molecule (FORMAT F12.6,3X,E17.10,3X,E17.10)

  500.000000    3.0138558139E-02    1.2155723264E-21
  501.000000    1.8943123390E-02    7.6402913711E-22
  502.000000    2.2108335750E-02    8.9169100250E-22
  503.000000    2.2880507390E-02    9.2283484398E-22
  504.000000    6.6644310096E-03    2.6879513841E-22
  505.000000    2.2196755303E-02    8.9525721033E-22
  506.000000    5.1153368500E-03    2.0631583921E-22
  507.000000    1.1062325798E-02    4.4617453309E-22
  508.000000    4.7045370258E-03    1.8974713358E-22
  509.000000    3.6798682975E-03    1.4841937848E-22
  510.000000    4.9430638066E-03    1.9936758565E-22
  511.000000    1.0055388111E-02    4.0556192047E-22
  512.000000    1.0100832113E-02    4.0739480416E-22
  513.000000    4.4011601987E-03    1.7751109781E-22
  514.000000    5.7117279486E-03    2.3036995991E-22
  515.000000    2.2878508612E-02    9.2275422767E-22
  516.000000    1.7609000024E-02    7.1022021112E-22
  517.000000    7.1670040336E-03    2.8906531382E-22
  518.000000    1.5386224929E-02    6.2056947601E-22
  519.000000    1.1896257081E-02    4.7980931366E-22
  520.000000    2.8218747653E-02    1.1381410011E-21
  521.000000    7.7349546625E-02    3.1197235085E-21
  522.000000    6.4281677674E-03    2.5926598119E-22
  523.000000    2.6331756229E-03    1.0620333604E-22
  524.000000    2.0144456292E-03    8.1248225233E-23
  525.000000    2.8916129048E-03    1.1662683429E-22
  526.000000    2.2591270147E-03    9.1116909714E-23
  527.000000    3.3457201232E-03    1.3494224823E-22
  528.000000    1.0976294378E-02    4.4270464535E-22
  529.000000    9.4327564849E-03    3.8044944592E-22
  530.000000    6.8640002905E-03    2.7684432557E-22
  531.000000    1.2768872741E-02    5.1500434334E-22
  532.000000    5.4235501794E-02    2.1874694465E-21
  533.000000    1.3043463298E-02    5.2607934835E-22
  534.000000    1.2679781489E-02    5.1141104400E-22
  535.000000    2.9689535264E-02    1.1974619783E-21
  536.000000    2.0120694549E-02    8.1152387479E-22
  537.000000    1.5919570016E-02    6.4208077474E-22
  538.000000    4.6727212756E-03    1.8846391541E-22
  539.000000    2.3565736947E-03    9.5047206811E-23
  540.000000    2.5209837039E-03    1.0167832223E-22
  541.000000    1.3110027394E-03    5.2876406448E-23
  542.000000    1.4126456094E-03    5.6975947617E-23
  543.000000    2.3316308518E-03    9.4041192209E-23
  544.000000    1.4281410107E-03    5.7600920483E-23
  545.000000    1.8895342329E-03    7.6210199332E-23
  546.000000    2.2115935600E-03    8.9199752568E-23
  547.000000    3.9986445524E-03    1.6127651624E-22
  548.000000    8.9680602093E-03    3.6170694569E-22
  549.000000    3.5918873339E-02    1.4487086020E-21
  550.000000    2.1131426736E-02    8.5228953021E-22
  551.000000    1.5123490713E-02    6.0997267040E-22
  552.000000    4.6481949518E-02    1.8747470019E-21
  553.000000    3.4949570638E-02    1.4096139136E-21
  554.000000    1.6536177732E-01    6.6695028818E-21
  555.000000    2.0616675619E-02    8.3152817826E-22
  556.000000    9.5645887619E-03    3.8576661030E-22
  557.000000    5.6266843896E-03    2.2693991537E-22
  558.000000    1.0705242621E-02    4.3177237005E-22
  559.000000    3.5913033316E-03    1.4484730575E-22
  560.000000    2.5354218180E-03    1.0226065174E-22
  561.000000    1.4936379222E-03    6.0242594073E-23
  562.000000    1.2990488195E-03    5.2394271428E-23
  563.000000    1.0801406709E-03    4.3565093661E-23
  564.000000    1.2025567019E-03    4.8502474506E-23
  565.000000    1.2874983800E-03    5.1928409908E-23
  566.000000    1.5568945034E-03    6.2793908877E-23
  567.000000    2.0892464372E-03    8.4265150989E-23
  568.000000    3.6603544832E-03    1.4763233178E-22
  569.000000    1.0882554610E-02    4.3892385839E-22
  570.000000    3.2994830361E-02    1.3307737721E-21
  571.000000    3.7245531300E-02    1.5022164273E-21
  572.000000    2.0201677227E-02    8.1479013264E-22
  573.000000    4.9223452255E-03    1.9853194733E-22
  574.000000    2.3440739152E-03    9.4543055751E-23
  575.000000    2.1212987274E-03    8.5557909481E-23
  576.000000    4.9644277631E-03    2.0022925375E-22
  577.000000    3.5372260006E-03    1.4266621577E-22
  578.000000    2.6636335852E-03    1.0743179083E-22
  579.000000    1.0876465431E-03    4.3867826477E-23
  580.000000    9.1845176014E-04    3.7043727760E-23
  581.000000    1.3248501349E-03    5.3434910628E-23
  582.000000    1.3059179493E-03    5.2671322644E-23
  583.000000    1.5282980842E-03    6.1640535325E-23
  584.000000    1.3620703212E-03    5.4936104820E-23
  585.000000    2.6694596920E-03    1.0766677401E-22
  586.000000    4.2307556109E-03    1.7063820428E-22
  587.000000    3.1106224652E-03    1.2546010228E-22
  588.000000    6.1482778215E-03    2.4797723702E-22
  589.000000    1.7602040324E-02    7.0993950696E-22
  590.000000    9.8862278121E-02    3.9873921259E-21
  591.000000    4.2057753398E-02    1.6963068010E-21
  592.000000    9.1104704503E-03    3.6745074893E-22
  593.000000    7.3004985604E-03    2.9444952138E-22
  594.000000    8.8799119283E-03    3.5815167903E-22
  595.000000    6.0799571874E-03    2.4522167480E-22
  596.000000    3.5510343203E-03    1.4322314392E-22
  597.000000    2.6727787978E-03    1.0780064283E-22
  598.000000    4.7066863508E-03    1.8983382187E-22
  599.000000    3.8073704592E-03    1.5356189720E-22
  600.000000    2.4673950772E-03    9.9516943059E-23
  601.000000    2.7944479941E-03    1.1270790174E-22
  602.000000    4.0030373078E-03    1.6145368834E-22
  603.000000    1.5121196415E-02    6.0988013494E-22
  604.000000    6.0360048132E-03    2.4344895264E-22
  605.000000    5.1328885445E-03    2.0702374813E-22
  606.000000    4.2299560453E-03    1.7060595556E-22
  607.000000    1.0467541020E-02    4.2218519979E-22
  608.000000    8.4689635112E-03    3.4157698023E-22
  609.000000    5.9770483018E-03    2.4107107167E-22
  610.000000    7.1373304209E-03    2.8786849404E-22
  611.000000    2.2523978687E-02    9.0845504440E-22
  612.000000    1.8177344210E-02    7.3314312145E-22
  613.000000    1.6830976720E-02    6.7884035571E-22
  614.000000    2.4079220712E-02    9.7118230421E-22
  615.000000    8.1256169892E-02    3.2772885490E-21
  616.000000    2.6552164969E-02    1.0709230612E-21
  617.000000    3.5900639503E-02    1.4479731804E-21
  618.000000    5.3943313601E-02    2.1756846796E-21
  619.000000    3.6195975894E-02    1.4598849229E-21
  620.000000    4.1204441128E-02    1.6618903310E-21
  621.000000    8.8742048351E-02    3.5792149600E-21
  622.000000    6.2694316734E-02    2.5286371064E-21
  623.000000    1.2982751912E-01    5.2363068838E-21
  624.000000    1.5164709256E-01    6.1163512948E-21
  625.000000    1.1820597648E-01    4.7675775719E-21
  626.000000    1.6618957186E-01    6.7028901504E-21
  627.000000    2.0817356904E-01    8.3962221568E-21
  628.000000    2.8567824520E-01    1.1522202473E-20
  629.000000    2.8977194324E-01    1.1687312762E-20
  630.000000    2.1844460004E-01    8.8104815577E-21
  631.000000    2.0178262532E-01    8.1384575252E-21
  632.000000    8.4564248699E-02    3.4107126177E-21
  633.000000    1.0125139476E-01    4.0837518807E-21
  634.000000    8.6138086766E-02    3.4741899078E-21
  635.000000    3.9987220096E-02    1.6127964030E-21
  636.000000    3.7079284477E-02    1.4955112280E-21
  637.000000    6.2605660850E-02    2.5250613668E-21
  638.000000    3.4563736674E-02    1.3940521509E-21
  639.000000    1.7830152547E-02    7.1913991081E-22
  640.000000    1.9067457040E-02    7.6904386090E-22
  641.000000    2.2425867974E-02    9.0449796499E-22
  642.000000    2.9557414986E-02    1.1921331980E-21
  643.000000    2.1294114482E-02    8.5885118193E-22
  644.000000    1.1733942671E-02    4.7326271963E-22
  645.000000    1.1487032514E-02    4.6330414256E-22
  646.000000    1.0836586602E-02    4.3706984007E-22
  647.000000    1.6244798478E-02    6.5519814807E-22
  648.000000    1.7461911636E-02    7.0428772517E-22
  649.000000    2.7743607715E-02    1.1189772788E-21
  650.000000    7.0651602926E-02    2.8495767096E-21
  651.000000    1.6718983861E-02    6.7432337053E-22
  652.000000    7.2369066646E-03    2.9188468240E-22
  653.000000    7.1325726187E-03    2.8767659858E-22
  654.000000    7.4434289476E-03    3.0021430357E-22
  655.000000    7.8199539527E-03    3.1540060991E-22
  656.000000    8.1201608423E-03    3.2750879324E-22
  657.000000    5.9796960845E-03    2.4117786415E-22
  658.000000    4.4704356862E-03    1.8030517193E-22
  659.000000    5.8479215341E-03    2.3586302806E-22
  660.000000    3.9128530518E-03    1.5781630512E-22
  661.000000    4.5713145476E-03    1.8437389850E-22
  662.000000    3.5650375924E-03    1.4378793504E-22
  663.000000    8.1859956937E-03    3.3016409689E-22
  664.000000    6.2793065892E-03    2.5326199361E-22
  665.000000    4.0399860112E-03    1.6294393287E-22
  666.000000    3.3792812800E-03    1.3629586353E-22
  667.000000    4.8770876933E-03    1.9670658451E-22
  668.000000    4.9674536689E-03    2.0035129699E-22
  669.000000    1.1490400382E-02    4.6343997808E-22
  670.000000    5.6049433792E-02    2.2606303963E-21
  671.000000    1.6990271033E-02    6.8526514078E-22
  672.000000    6.6324514454E-03    2.6750531317E-22
  673.000000    4.6681267894E-03    1.8827860693E-22
  674.000000    6.9682326934E-03    2.8104830984E-22
  675.000000    1.2207261455E-02    4.9235298973E-22
  676.000000    6.4394702484E-03    2.5972184185E-22
  677.000000    8.2609767568E-03    3.3318829283E-22
  678.000000    1.0322759509E-02    4.1634575661E-22
  679.000000    1.1614072254E-02    4.6842801050E-22
  680.000000    1.1559654160E-02    4.6623317662E-22
  681.000000    8.6592792800E-03    3.4925294737E-22
  682.000000    7.0024955703E-03    2.8243022748E-22
  683.000000    8.4479386621E-03    3.4072898928E-22
  684.000000    9.1698889383E-03    3.6984726271E-22
  685.000000    1.7854637420E-02    7.2012745420E-22
  686.000000    1.3698401764E-02    5.5249484807E-22
  687.000000    1.0225046741E-02    4.1240472745E-22
  688.000000    1.1589440634E-02    4.6743454840E-22
  689.000000    2.1401119410E-02    8.6316698991E-22
  690.000000    6.3673251248E-02    2.5681202728E-21
  691.000000    7.7715169542E-02    3.1344701031E-21
  692.000000    2.1344695691E-01    8.6089126355E-21
  693.000000    6.2033756254E-02    2.5019948552E-21
  694.000000    1.9542203214E-02    7.8819170161E-22
  695.000000    1.2458090827E-02    5.0246963970E-22
  696.000000    1.5568687997E-02    6.2792872174E-22
  697.000000    7.0402913798E-03    2.8395463816E-22
  698.000000    6.5801972630E-03    2.6539775587E-22
  699.000000    1.0230548860E-02    4.1262664329E-22
  700.000000    1.9049405709E-02    7.6831580025E-22
  701.000000    3.4491866650E-02    1.3911534318E-21
  702.000000    1.9322957403E-02    7.7934890500E-22
  703.000000    3.0692042406E-02    1.2378958946E-21
  704.000000    1.8053297071E-02    7.2813995342E-22
  705.000000    1.9812800763E-02    7.9910565743E-22
  706.000000    2.6388807783E-02    1.0643344091E-21
  707.000000    7.1382318550E-02    2.8790485140E-21
  708.000000    3.7169434637E-02    1.4991472361E-21
  709.000000    6.2743523960E-02    2.5306217715E-21
  710.000000    8.9483334043E-02    3.6091130848E-21
  711.000000    5.2874713551E-02    2.1325850514E-21
  712.000000    8.9988370442E-02    3.6294826150E-21
  713.000000    4.7741639029E-02    1.9255538023E-21
  714.000000    1.1846135920E-01    4.7778778710E-21
  715.000000    2.3353687874E-02    9.4191953605E-22
  716.000000    3.4018818507E-02    1.3720740775E-21
  717.000000    1.6530757682E-02    6.6673168240E-22
  718.000000    1.2091190536E-02    4.8767152502E-22
  719.000000    2.6598959919E-02    1.0728104324E-21
  720.000000    4.1649718483E-02    1.6798496118E-21
  721.000000    2.0649996042E-02    8.3287208412E-22
  722.000000    4.7085458213E-02    1.8990881951E-21
  723.000000    1.0259915201E-01    4.1381106993E-21
  724.000000    9.5405252507E-02    3.8479606160E-21
  725.000000    5.6756082396E-02    2.2891315105E-21
  726.000000    8.3930752692E-02    3.3851619522E-21
  727.000000    7.8433128217E-02    3.1634273841E-21
  728.000000    9.4570959404E-02    3.8143112422E-21
  729.000000    9.3104772357E-02    3.7551758187E-21
  730.000000    3.3112527398E-02    1.3355208228E-21
  731.000000    3.1044198200E-02    1.2520993225E-21
  732.000000    1.0170154216E-01    4.1019075840E-21
  733.000000    1.0963398992E-01    4.4218453838E-21
  734.000000    4.1669163423E-02    1.6806338806E-21
  735.000000    9.9203355681E-02    4.0011487377E-21
  736.000000    1.0302875992E-01    4.1554379876E-21
  737.000000    2.2380038497E-01    9.0264953404E-21
  738.000000    9.5133474403E-02    3.8369990451E-21
  739.000000    6.4531709435E-02    2.6027442920E-21
  740.000000    4.6794546959E-02    1.8873549308E-21
  741.000000    4.8891500345E-02    1.9719309246E-21
  742.000000    7.9135877886E-02    3.1917712433E-21
  743.000000    1.4424114610E-01    5.8176487647E-21
  744.000000    1.7253378250E-01    6.9587699058E-21
  745.000000    2.6134093541E-01    1.0540610714E-20
  746.000000    1.6807951987E-01    6.7791170384E-21
  747.000000    1.2037389402E-01    4.8550157483E-21
  748.000000    1.2258714434E-01    4.9442823227E-21
  749.000000    1.4173281398E-01    5.7164807162E-21
  750.000000    1.5399471174E-01    6.2110373408E-21
  751.000000    6.4905360889E-02    2.6178147000E-21
  752.000000    6.7674211848E-02    2.7294902017E-21
  753.000000    1.3538351274E-01    5.4603956426E-21
  754.000000    1.8058115412E-01    7.2833429062E-21
  755.000000    9.2562150277E-02    3.7332903529E-21
  756.000000    1.4157954894E-01    5.7102991088E-21
  757.000000    1.1831510320E-01    4.7719789573E-21
  758.000000    8.9715032492E-02    3.6184581312E-21
  759.000000    2.1198132854E-01    8.5497997449E-21
  760.000000    1.6625820671E-01    6.7056583855E-21
  761.000000    2.6804929326E-01    1.0811177546E-20
  762.000000    2.2507405659E-01    9.0778660787E-21
  763.000000    1.5582821796E-01    6.2849877740E-21
  764.000000    1.6775218709E-01    6.7659147918E-21
  765.000000    1.7218526864E-01    6.9447133671E-21
  766.000000    2.3658127010E-01    9.5419841769E-21
  767.000000    3.3033494349E-01    1.3323331989E-20
  768.000000    2.8007365205E-01    1.1296153559E-20
  769.000000    1.1406998669E-01    4.6007615380E-21
  770.000000    1.5732483015E-01    6.3453503285E-21
  771.000000    4.4286449666E-01    1.7861963536E-20
  772.000000    1.3233833621E-01    5.3375751581E-21
  773.000000    1.1244258806E-01    4.5351240004E-21
  774.000000    3.2504484135E-01    1.3109967377E-20
  775.000000    1.4539739578E-01    5.8642835476E-21
  776.000000    1.9949479587E-01    8.0461829662E-21
  777.000000    2.0052864685E-01    8.0878810672E-21
  778.000000    4.7198310943E-01    1.9036398613E-20
  779.000000    3.0193388524E-01    1.2177837892E-20
  780.000000    5.3803749670E-01    2.1700556760E-20
  781.000000    3.3015882818E-01    1.3316228766E-20
  782.000000    8.9584133151E-02    3.6131785947E-21
  783.000000    1.0844487291E-01    4.3738849697E-21
  784.000000    1.0445607966E-01    4.2130057838E-21
  785.000000    2.9885659391E-01    1.2053722127E-20
  786.000000    4.7918526617E-01    1.9326881734E-20
  787.000000    5.6240736154E-01    2.2683461555E-20
  788.000000    9.2611019611E-01    3.7352613898E-20
  789.000000    4.2449699826E-01    1.7121150964E-20
  790.000000    1.6850214518E-01    6.7961626987E-21
  791.000000    2.0632586908E-01    8.3216992507E-21
  792.000000    3.5913946789E-01    1.4485099004E-20
  793.000000    1.6540544600E-01    6.6712641615E-21
  794.000000    4.8218956959E-01    1.9448053692E-20
  795.000000    3.1840018629E-01    1.2841969858E-20
  796.000000    1.2415493694E+00    5.0075157821E-20
  797.000000    5.3671213245E-01    2.1647101114E-20
  798.000000    8.1166754759E-01    3.2736821866E-20
  799.000000    2.0697320581E-01    8.3478081509E-21
  800.000000    9.2836794658E-02    3.7443675288E-21
  801.000000    7.1013847957E-02    2.8641870646E-21
  802.000000    6.0143412969E-02    2.4257520245E-21
  803.000000    6.5600921061E-02    2.6458685867E-21
  804.000000    1.1310730179E-01    4.5619337641E-21
  805.000000    1.8879474437E-01    7.6146199684E-21
  806.000000    5.8770092363E-01    2.3703621642E-20
  807.000000    9.1636787909E-01    3.6959679010E-20
  808.000000    1.0033168472E+00    4.0466574031E-20
  809.000000    3.1438920903E-01    1.2680195929E-20
  810.000000    4.4106680946E-01    1.7789457784E-20
  811.000000    2.3754104755E-01    9.5806946853E-21
  812.000000    6.1876213395E-01    2.4956407111E-20
  813.000000    5.1457679074E-01    2.0754320885E-20
  814.000000    1.5369394244E+00    6.1989064740E-20
  815.000000    9.2581754989E-01    3.7340810657E-20
  816.000000    1.5887174649E+00    6.4077417901E-20
  817.000000    1.5568129630E+00    6.2790620126E-20
  818.000000    2.4117110654E-01    9.7271051153E-21
  819.000000    1.3116338126E-01    5.2901859395E-21
  820.000000    9.0133976187E-02    3.6353553019E-21
  821.000000    8.1289776918E-02    3.2786440143E-21
  822.000000    8.3525847856E-02    3.3688310080E-21
  823.000000    1.1146710816E-01    4.4957801683E-21
  824.000000    1.4822758219E-01    5.9784328797E-21
  825.000000    2.2022335678E-01    8.8822237911E-21
  826.000000    6.2849018276E-01    2.5348766523E-20
  827.000000    1.8509207954E+00    7.4652811420E-20
  828.000000    3.4487731338E+00    1.3909866432E-19
  829.000000    4.6756667118E-01    1.8858271309E-20
  830.000000    4.7122339703E-01    1.9005757288E-20
  831.000000    6.9136997519E-01    2.7884884382E-20
  832.000000    9.7146132974E-01    3.9181751933E-20
  833.000000    1.6481443060E+00    6.6474268577E-20
  834.000000    2.0050780076E+00    8.0870402860E-20
  835.000000    1.8489145890E+00    7.4571895506E-20
  836.000000    2.9539731122E-01    1.1914199583E-20
  837.000000    1.3207955375E-01    5.3271377379E-21
  838.000000    8.3259336851E-02    3.3580818739E-21
  839.000000    6.7064565863E-02    2.7049014744E-21
  840.000000    5.9637719831E-02    2.4053560062E-21
  841.000000    6.4310413427E-02    2.5938188052E-21
  842.000000    1.0359706329E-01    4.1783592517E-21
  843.000000    1.2591311333E-01    5.0784279522E-21
  844.000000    1.3737332806E-01    5.5406504589E-21
  845.000000    1.9029151453E-01    7.6749888946E-21
  846.000000    4.4461668261E-01    1.7932634094E-20
  847.000000    1.8033121757E+00    7.2732622662E-20
  848.000000    3.2514368514E+00    1.3113954023E-19
  849.000000    5.7912130310E-01    2.3357581555E-20
  850.000000    5.2355196702E-01    2.1116314842E-20
  851.000000    1.5180249154E+00    6.1226189703E-20
  852.000000    1.4124149211E+00    5.6966643315E-20
  853.000000    2.6863967386E+00    1.0834989246E-19
  854.000000    5.5677995483E+00    2.2456492506E-19
  855.000000    5.8942207574E-01    2.3773040520E-20
  856.000000    2.2933985883E-01    9.2499178112E-21
  857.000000    1.3530131453E-01    5.4570803589E-21
  858.000000    9.6327971023E-02    3.8851764339E-21
  859.000000    7.6331870549E-02    3.0786777866E-21
  860.000000    6.8445986395E-02    2.7606180273E-21
  861.000000    7.0400922737E-02    2.8394660766E-21
  862.000000    8.2160316675E-02    3.3137553170E-21
  863.000000    1.2648615848E-01    5.1015404658E-21
  864.000000    1.3196175393E-01    5.3223865415E-21
  865.000000    2.2237208299E-01    8.9688879277E-21
  866.000000    4.5968168357E-01    1.8540247710E-20
  867.000000    1.7242735123E+00    6.9544772349E-20
  868.000000    1.0015338548E+01    4.0394660961E-19
  869.000000    1.0678589167E+00    4.3069736173E-20
  870.000000    4.4926165920E-01    1.8119978989E-20
  871.000000    6.5477629283E-01    2.6408958846E-20
  872.000000    1.7538301043E+00    7.0736872353E-20
  873.000000    1.2458102210E+00    5.0247009881E-20
  874.000000    2.6132787792E-01    1.0540084070E-20
  875.000000    1.2515851251E-01    5.0479927910E-21
  876.000000    8.1579577716E-02    3.2903324909E-21
  877.000000    6.3009756614E-02    2.5413596789E-21
  878.000000    6.5177963882E-02    2.6288095410E-21
  879.000000    5.2576138832E-02    2.1205426981E-21
  880.000000    4.8989933743E-02    1.9759010188E-21
  881.000000    5.0292905895E-02    2.0284535292E-21
  882.000000    5.7619696436E-02    2.3239634796E-21
  883.000000    8.6503653766E-02    3.4889342472E-21
  884.000000    9.7996193735E-02    3.9524605208E-21
  885.000000    1.5150892176E-01    6.1107784801E-21
  886.000000    3.0486800656E-01    1.2296179209E-20
  887.000000    1.0549218376E+00    4.2547947595E-20
  888.000000    5.2942223353E+00    2.1353079105E-19
  889.000000    9.8689504042E-01    3.9804236642E-20
  890.000000    4.7106765264E-01    1.8999475681E-20
  891.000000    8.4868469903E-01    3.4229827095E-20
  892.000000    5.9535093852E+00    2.4012168135E-19
  893.000000    9.8543469776E-01    3.9745336939E-20
  894.000000    2.7645879497E-01    1.1150356265E-20
  895.000000    1.4287389681E-01    5.7625037776E-21
  896.000000    1.0065543979E-01    4.0597153502E-21
  897.000000    7.3961382411E-02    2.9830693714E-21
  898.000000    6.5661779762E-02    2.6483231883E-21
  899.000000    6.6555526968E-02    2.6843705123E-21
  900.000000    8.5753938955E-02    3.4586961524E-21
  901.000000    8.8121705107E-02    3.5541947823E-21
  902.000000    8.2511942642E-02    3.3279373755E-21
  903.000000    1.2222702225E-01    4.9297575915E-21
  904.000000    1.3522330781E-01    5.4539341298E-21
  905.000000    2.1802875861E-01    8.7937095103E-21
  906.000000    3.2012842804E-01    1.2911674680E-20
  907.000000    8.5773307321E-01    3.4594773328E-20
  908.000000    7.3872242601E+00    2.9794741136E-19
  909.000000    1.6560582588E+00    6.6793460425E-20
  910.000000    4.6901179044E-01    1.8916557009E-20
  911.000000    2.9161506403E-01    1.1761650978E-20
  912.000000    4.6794636957E-01    1.8873585607E-20
  913.000000    3.7045619040E-01    1.4941534068E-20
  914.000000    2.4513950752E-01    9.8871618237E-21
  915.000000    3.5103276409E-01    1.4158132971E-20
  916.000000    5.6503764628E-01    2.2789548293E-20
  917.000000    3.7916385905E-01    1.5292738694E-20
  918.000000    5.9371705947E-01    2.3946269224E-20
  919.000000    9.3377742918E-01    3.7661854847E-20
  920.000000    8.0748094245E-01    3.2567964374E-20
  921.000000    2.5128088804E+00    1.0134860873E-19
  922.000000    1.6779077654E+00    6.7674712123E-20
  923.000000    1.8154393738E+00    7.3221746470E-20
  924.000000    2.9203663054E+00    1.1778653934E-19
  925.000000    2.8206598872E+00    1.1376510068E-19
  926.000000    4.4729438688E+00    1.8040633395E-19
  927.000000    7.0789679641E+00    2.8551457296E-19
  928.000000    8.2914512488E+00    3.3441741431E-19
  929.000000    1.0036837412E+01    4.0481371891E-19
  930.000000    1.2255615010E+01    4.9430322383E-19
  931.000000    1.7115973490E+01    6.9033507238E-19
  932.000000    1.4084634304E+01    5.6807268644E-19
  933.000000    8.6461879151E+00    3.4872493601E-19
  934.000000    4.5728493348E+00    1.8443580076E-19
  935.000000    2.4237782166E+00    9.7757753103E-20
  936.000000    2.0120826004E+00    8.1152917676E-20
  937.000000    1.0380580241E+00    4.1867782840E-20
  938.000000    7.1353726423E-01    2.8778953136E-20
  939.000000    5.3437872149E-01    2.1552988125E-20
  940.000000    3.7891543558E-01    1.5282719081E-20
  941.000000    3.1981507407E-01    1.2899036239E-20
  942.000000    2.6199497968E-01    1.0566990149E-20
  943.000000    2.6935801358E-01    1.0863961895E-20
  944.000000    2.4394402652E-01    9.8389447321E-21
  945.000000    3.2265645487E-01    1.3013637071E-20
  946.000000    3.7828896812E-01    1.5257451896E-20
  947.000000    4.9307789227E-01    1.9887210193E-20
  948.000000    2.3529557744E+00    9.4901285969E-20
  949.000000    9.5690850256E-01    3.8594795718E-20
  950.000000    6.5747570067E-01    2.6517833512E-20
  951.000000    9.8341594269E-01    3.9663914902E-20
  952.000000    2.8387098312E+00    1.1449310540E-19
  953.000000    5.9045409410E-01    2.3814664706E-20
  954.000000    4.2078873318E-01    1.6971586264E-20
  955.000000    4.3024013779E-01    1.7352787841E-20
  956.000000    5.7595878374E-01    2.3230028306E-20
  957.000000    6.7862419760E-01    2.7370811531E-20
  958.000000    1.1551515865E+00    4.6590493642E-20
  959.000000    1.2808891896E+00    5.1661842778E-20
  960.000000    1.8977918474E+00    7.6543252016E-20
  961.000000    3.3545463788E+00    1.3529823580E-19
  962.000000    5.2540509794E+00    2.1191056794E-19
  963.000000    6.1098575787E+00    2.4642764119E-19
  964.000000    9.2628994122E+00    3.7359863521E-19
  965.000000    1.4146455295E+01    5.7056609987E-19
  966.000000    1.7599831980E+01    7.0985043830E-19
  967.000000    2.1288747059E+01    8.5863469876E-19
  968.000000    1.2248698449E+01    4.9402425958E-19
  969.000000    3.3071179469E+00    1.3338531452E-19
  970.000000    1.5723678789E+00    6.3417993378E-20
  971.000000    1.2588840230E+00    5.0774312874E-20
  972.000000    2.4849851896E+00    1.0022640148E-19
  973.000000    6.7910746053E-01    2.7390302876E-20
  974.000000    3.9218857562E-01    1.5818061934E-20
  975.000000    2.8238192799E-01    1.1389252783E-20
  976.000000    2.2022885768E-01    8.8824456576E-21
  977.000000    1.8024524173E-01    7.2697946199E-21
  978.000000    1.5117325125E-01    6.0972399497E-21
  979.000000    1.3025938942E-01    5.2537254205E-21
  980.000000    1.1545943084E-01    4.6568017059E-21
  981.000000    1.0342517621E-01    4.1714265652E-21
  982.000000    9.4991027422E-02    3.8312537600E-21
  983.000000    8.9936957353E-02    3.6274089814E-21
  984.000000    8.9630619616E-02    3.6150535238E-21
  985.000000    9.2519481212E-02    3.7315693902E-21
  986.000000    1.0220542585E-01    4.1222306224E-21
  987.000000    1.3703905927E-01    5.5271684636E-21
  988.000000    2.5004097361E-01    1.0084851657E-20
  989.000000    2.3819246460E-01    9.6069681566E-21
  990.000000    3.9155640369E-01    1.5792564673E-20
  991.000000    1.1790598527E+00    4.7554780874E-20
  992.000000    4.3329883784E+00    1.7476153767E-19
  993.000000    6.3511611258E+00    2.5616008800E-19
  994.000000    8.1735392377E-01    3.2966169318E-20
  995.000000    3.1420892337E-01    1.2672924504E-20
  996.000000    1.7675941018E-01    7.1292012861E-21
  997.000000    1.2159892439E-01    4.9044246488E-21
  998.000000    8.9481846323E-02    3.6090530809E-21
  999.000000    7.5404699883E-02    3.0412824010E-21
 1000.000000    6.9782127679E-02    2.8145083415E-21
 1001.000000    7.1749647294E-02    2.8938639094E-21
 1002.000000    9.9094738897E-02    3.9967679190E-21
 1003.000000    1.0384686916E-01    4.1884346210E-21
 1004.000000    1.3850370713E-01    5.5862418073E-21
 1005.000000    2.3219607224E-01    9.3651168851E-21
 1006.000000    5.7046253182E-01    2.3008349097E-20
 1007.000000    2.7382693543E+00    1.1044206010E-19
 1008.000000    3.4762891445E+00    1.4020846197E-19
 1009.000000    7.6745040289E-01    3.0953420776E-20
 1010.000000    8.1983709654E-01    3.3066322620E-20
 1011.000000    2.9724643928E+00    1.1988780088E-19
 1012.000000    2.6832197219E+00    1.0822175449E-19
 1013.000000    4.5720180185E+00    1.8440227145E-19
 1014.000000    9.8901505377E-01    3.9889742709E-20
 1015.000000    3.2415080921E-01    1.3073908561E-20
 1016.000000    1.7667595508E-01    7.1258353085E-21
 1017.000000    1.2344053525E-01    4.9787019644E-21
 1018.000000    9.6740555932E-02    3.9018171371E-21
 1019.000000    8.2816188540E-02    3.3402084633E-21
 1020.000000    8.3816091495E-02    3.3805373455E-21
 1021.000000    9.4483794098E-02    3.8107956217E-21
 1022.000000    1.2962532949E-01    5.2281520105E-21
 1023.000000    2.6700672340E-01    1.0769127788E-20
 1024.000000    1.9904326775E-01    8.0279715744E-21
 1025.000000    3.1274235433E-01    1.2613773674E-20
 1026.000000    8.3690682502E-01    3.3754792502E-20
 1027.000000    5.0751287310E+00    2.0469413334E-19
 1028.000000    1.0352999072E+00    4.1756540275E-20
 1029.000000    5.7923915424E-01    2.3362334821E-20
 1030.000000    1.1814779648E+00    4.7652310094E-20
 1031.000000    1.4519987891E+00    5.8563171400E-20
 1032.000000    4.4335812096E+00    1.7881872784E-19
 1033.000000    3.6360842195E+00    1.4665344418E-19
 1034.000000    1.0204480155E+01    4.1157521951E-19
 1035.000000    1.7498150043E+00    7.0574932143E-20
 1036.000000    4.9906645028E-01    2.0128745483E-20
 1037.000000    2.6839470817E-01    1.0825109095E-20
 1038.000000    1.9266307060E-01    7.7706403825E-21
 1039.000000    1.7592255061E-01    7.0954483996E-21
 1040.000000    2.0102471120E-01    8.1078887294E-21
 1041.000000    2.7689569850E-01    1.1167977806E-20
 1042.000000    2.2564871859E-01    9.1010438038E-21
 1043.000000    3.5039680768E-01    1.4132483071E-20
 1044.000000    5.2722944362E-01    2.1264637757E-20
 1045.000000    1.3223316966E+00    5.3333334970E-20
 1046.000000    8.4684193815E+00    3.4155503396E-19
 1047.000000    5.0883383970E+00    2.0522691611E-19
 1048.000000    1.1799933907E+00    4.7592433069E-20
 1049.000000    1.1334956622E+00    4.5717049658E-20
 1050.000000    8.4691267365E-01    3.4158356356E-20
 1051.000000    1.1666885756E+00    4.7055812674E-20
 1052.000000    1.5018725860E+00    6.0574721089E-20
 1053.000000    4.1707080689E+00    1.6821631900E-19
 1054.000000    2.9780360974E+00    1.2011252331E-19
 1055.000000    3.8665835890E+00    1.5595012830E-19
 1056.000000    5.4317373700E-01    2.1907715694E-20
 1057.000000    2.7635711934E-01    1.1146255403E-20
 1058.000000    1.8961577347E-01    7.6477343682E-21
 1059.000000    2.1251193256E-01    8.5712004887E-21
 1060.000000    1.9041082179E-01    7.6798008898E-21
 1061.000000    1.8171581782E-01    7.3291070659E-21
 1062.000000    2.4927784088E-01    1.0054072380E-20
 1063.000000    3.7951376876E-01    1.5306851531E-20
 1064.000000    8.6433466131E-01    3.4861033836E-20
 1065.000000    4.0460977957E+00    1.6319043823E-19
 1066.000000    5.7899168464E+00    2.3352353680E-19
 1067.000000    1.3267913117E+00    5.3513203717E-20
 1068.000000    1.5855685609E+00    6.3950413799E-20
 1069.000000    6.3660452584E-01    2.5676040669E-20
 1070.000000    7.4012149934E-01    2.9851169675E-20
 1071.000000    9.4727628038E-01    3.8206301263E-20
 1072.000000    8.6131288272E-01    3.4739157055E-20
 1073.000000    1.3223115307E+00    5.3332521624E-20
 1074.000000    3.2997318421E+00    1.3308741226E-19
 1075.000000    2.5522452638E+00    1.0293918835E-19
 1076.000000    7.7528682527E+00    3.1269485603E-19
 1077.000000    6.4748928643E-01    2.6115053501E-20
 1078.000000    2.7538765367E-01    1.1107154141E-20
 1079.000000    2.3933563326E-01    9.6530753452E-21
 1080.000000    2.1859313220E-01    8.8164722752E-21
 1081.000000    2.6767503347E-01    1.0796082601E-20
 1082.000000    4.0915423925E-01    1.6502334590E-20
 1083.000000    9.3353773321E-01    3.7652187238E-20
 1084.000000    4.5861316603E+00    1.8497151409E-19
 1085.000000    8.1436996697E+00    3.2845817996E-19
 1086.000000    1.5457442073E+00    6.2344186256E-20
 1087.000000    6.8933935719E-01    2.7802983880E-20
 1088.000000    4.5986873399E-01    1.8547791976E-20
 1089.000000    1.0635936063E+00    4.2897704275E-20
 1090.000000    7.0053338128E-01    2.8254470173E-20
 1091.000000    4.4786025008E-01    1.8063456241E-20
 1092.000000    8.8628835305E-01    3.5746487613E-20
 1093.000000    4.9450502283E-01    1.9944770359E-20
 1094.000000    9.6708439140E-01    3.9005217770E-20
 1095.000000    2.2577571761E+00    9.1061660294E-20
 1096.000000    1.6916839571E+00    6.8230344459E-20
 1097.000000    8.7367356779E-01    3.5237698049E-20
 1098.000000    2.4138710238E-01    9.7358168317E-21
 1099.000000    1.8281940018E-01    7.3736176284E-21
 1100.000000    2.2214680925E-01    8.9598020077E-21
 1101.000000    3.3450873486E-01    1.3491672666E-20
 1102.000000    7.9748342455E-01    3.2164736521E-20
 1103.000000    4.4492794745E+00    1.7945188276E-19
 1104.000000    3.7620120832E+00    1.5173246706E-19
 1105.000000    8.1512961135E-01    3.2876456578E-20
 1106.000000    3.5122088375E-01    1.4165720363E-20
 1107.000000    2.8592419844E-01    1.1532122455E-20
 1108.000000    5.0010056578E-01    2.0170454253E-20
 1109.000000    2.2479386649E-01    9.0665652283E-21
 1110.000000    3.9484580217E-01    1.5925235312E-20
 1111.000000    7.6911893816E-01    3.1020717469E-20
 1112.000000    2.6405744751E-01    1.0650175244E-20
 1113.000000    6.8554403235E-01    2.7649907816E-20
 1114.000000    3.0782117839E-01    1.2415288887E-20
 1115.000000    5.9204826472E-01    2.3878962065E-20
 1116.000000    1.6285689913E+00    6.5684741400E-20
 1117.000000    1.2797023148E+00    5.1613972796E-20
 1118.000000    8.1533779270E-01    3.2884853115E-20
 1119.000000    2.6638605231E-01    1.0744094387E-20
 1120.000000    3.6525268638E-01    1.4731662200E-20
 1121.000000    1.0352900769E+00    4.1756143790E-20
 1122.000000    9.2160626363E+00    3.7170957707E-19
 1123.000000    1.6281057985E+00    6.5666059538E-20
 1124.000000    4.3276921870E-01    1.7454792746E-20
 1125.000000    2.3987375151E-01    9.6747791593E-21
 1126.000000    3.4964546158E-01    1.4102179181E-20
 1127.000000    1.4339883431E-01    5.7836759748E-21
 1128.000000    1.1398879998E-01    4.5974870509E-21
 1129.000000    2.5728355063E-01    1.0376965041E-20
 1130.000000    1.5502734303E-01    6.2526862484E-21
 1131.000000    1.8297610876E-01    7.3799381235E-21
 1132.000000    4.9136243602E-01    1.9818021045E-20
 1133.000000    1.7844951887E-01    7.1973680955E-21
 1134.000000    3.1799451836E-01    1.2825608136E-20
 1135.000000    2.3453206386E-01    9.4593339590E-21
 1136.000000    3.3390909667E-01    1.3467487581E-20
 1137.000000    5.2606264373E-01    2.1217577455E-20
 1138.000000    4.8578510147E-01    1.9593071546E-20
 1139.000000    4.1467018839E-01    1.6724808243E-20
 1140.000000    1.4282267395E+00    5.7604378163E-20
 1141.000000    2.6541368052E+00    1.0704875914E-19
 1142.000000    4.0073367913E-01    1.6162709854E-20
 1143.000000    2.0428423647E-01    8.2393544982E-21
 1144.000000    3.1502349237E-01    1.2705778350E-20
 1145.000000    1.0104495501E-01    4.0754255881E-21
 1146.000000    7.0242029744E-02    2.8330574779E-21
 1147.000000    1.0121601378E-01    4.0823248670E-21
 1148.000000    1.0477811305E-01    4.2259942910E-21
 1149.000000    5.7074982472E-02    2.3019936423E-21
 1150.000000    1.0151599606E-01    4.0944239909E-21
 1151.000000    1.0291206302E-01    4.1507312752E-21
 1152.000000    1.0253486555E-01    4.1355178466E-21
 1153.000000    2.4913565853E-01    1.0048337768E-20
 1154.000000    1.2595515178E-01    5.0801234804E-21
 1155.000000    1.7579979168E-01    7.0904971887E-21
 1156.000000    2.3657996927E-01    9.5419317111E-21
 1157.000000    3.9479615515E-01    1.5923232908E-20
 1158.000000    8.4123489772E-01    3.3929355776E-20
 1159.000000    2.8793045831E+00    1.1613040526E-19
 1160.000000    6.0574285856E-01    2.4431303329E-20
 1161.000000    2.1798489442E-01    8.7919403448E-21
 1162.000000    1.2184975651E-01    4.9145414093E-21
 1163.000000    6.4294344942E-02    2.5931707182E-21
 1164.000000    5.1283362894E-02    2.0684014295E-21
 1165.000000    8.9769475263E-02    3.6206539604E-21
 1166.000000    8.5943148976E-02    3.4663275216E-21
 1167.000000    3.7006280045E-02    1.4925667551E-21
 1168.000000    4.0125678770E-02    1.6183808285E-21
 1169.000000    6.8735974360E-02    2.7723140528E-21
 1170.000000    3.3799359559E-02    1.3632226844E-21
 1171.000000    5.5367095929E-02    2.2331098022E-21
 1172.000000    6.2123550946E-02    2.5056165262E-21
 1173.000000    1.0433636097E-01    4.2081771946E-21
 1174.000000    1.1814779656E-01    4.7652310129E-21
 1175.000000    1.2742866522E-01    5.1395543980E-21
 1176.000000    2.7532114157E-01    1.1104471522E-20
 1177.000000    1.2719871794E+00    5.1302799814E-20
 1178.000000    4.0687538626E-01    1.6410422077E-20
 1179.000000    1.5289180227E-01    6.1665539181E-21
 1180.000000    5.7326345184E-02    2.3121318034E-21
 1181.000000    3.2881852336E-02    1.3262170525E-21
 1182.000000    2.5594631594E-02    1.0323030626E-21
 1183.000000    4.1415884389E-02    1.6704184289E-21
 1184.000000    2.0944841204E-02    8.4476401395E-22
 1185.000000    1.5248285830E-02    6.1500600640E-22
 1186.000000    2.4853963343E-02    1.0024298409E-21
 1187.000000    5.3533260957E-02    2.1591461098E-21
 1188.000000    1.9128070075E-02    7.7148855409E-22
 1189.000000    2.3531451666E-02    9.4908924687E-22
 1190.000000    4.0720136496E-02    1.6423569709E-21
 1191.000000    2.4031133180E-02    9.6924279959E-22
 1192.000000    4.4254733573E-02    1.7849171548E-21
 1193.000000    5.5260569428E-02    2.2288132906E-21
 1194.000000    1.7172250791E-01    6.9260489330E-21
 1195.000000    6.4599927909E-01    2.6054957338E-20
 1196.000000    2.0061473700E-01    8.0913533237E-21
 1197.000000    7.5204647907E-02    3.0332137454E-21
 1198.000000    6.0894534200E-02    2.4560468441E-21
 1199.000000    4.1281755498E-02    1.6650086357E-21
 1200.000000    2.0956764783E-02    8.4524492526E-22
 1201.000000    1.6277958672E-02    6.5653559140E-22
 1202.000000    8.9124755676E-03    3.5946506166E-22
 1203.000000    6.9727577618E-03    2.8123081851E-22
 1204.000000    1.0820048085E-02    4.3640279545E-22
 1205.000000    1.1064789114E-02    4.4627388552E-22
 1206.000000    1.1824921299E-02    4.7693214210E-22
 1207.000000    1.2686987074E-02    5.1170166541E-22
 1208.000000    1.9611219118E-02    7.9097530604E-22
 1209.000000    1.0832309113E-02    4.3689731700E-22
 1210.000000    1.8081495525E-02    7.2927727594E-22
 1211.000000    2.7287676724E-02    1.1005883070E-21
 1212.000000    9.7699874709E-02    3.9405091459E-21
 1213.000000    2.2134005031E-01    8.9272631636E-21
 1214.000000    6.9401548152E-02    2.7991585050E-21
 1215.000000    2.4058994935E-02    9.7036654208E-22
 1216.000000    1.6187092811E-02    6.5287071715E-22
 1217.000000    2.0846264203E-02    8.4078812786E-22
 1218.000000    2.0267061805E-02    8.1742727552E-22
 1219.000000    6.9259131226E-03    2.7934144321E-22
 1220.000000    4.4582813960E-03    1.7981495543E-22
 1221.000000    5.3569486597E-03    2.1606071912E-22
 1222.000000    8.7463424620E-03    3.5276444895E-22
 1223.000000    3.3595333957E-03    1.3549937614E-22
 1224.000000    2.8953683995E-03    1.1677830389E-22
 1225.000000    5.0704478547E-03    2.0450534051E-22
 1226.000000    4.3718988223E-03    1.7633090467E-22
 1227.000000    5.3746194897E-03    2.1677343311E-22
 1228.000000    1.2443552342E-02    5.0188326195E-22
 1229.000000    2.0105635306E-02    8.1091649343E-22
 1230.000000    8.6062865848E-02    3.4711560379E-21
 1231.000000    5.9992035781E-02    2.4196465592E-21
 1232.000000    1.6420700271E-02    6.6229275926E-22
 1233.000000    7.5967621690E-03    3.0639866116E-22
 1234.000000    7.8305920152E-03    3.1582967271E-22
 1235.000000    5.4608409870E-03    2.2025098720E-22
 1236.000000    5.1010957495E-03    2.0574145581E-22
 1237.000000    6.9089043701E-03    2.7865543267E-22
 1238.000000    3.9708053964E-03    1.6015368523E-22
 1239.000000    4.5632884236E-03    1.8405018248E-22
 1240.000000    2.2473771391E-03    9.0643004378E-23
 1241.000000    1.6919211289E-03    6.8239910261E-23
 1242.000000    1.7745825289E-03    7.1573875666E-23
 1243.000000    2.8469806368E-03    1.1482669011E-22
 1244.000000    2.2156632069E-03    8.9363892810E-23
 1245.000000    3.9131215132E-03    1.5782713292E-22
 1246.000000    5.3707712429E-03    2.1661822255E-22
 1247.000000    1.9619831355E-02    7.9132266162E-22
 1248.000000    2.8856310256E-02    1.1638556837E-21
 1249.000000    1.0559910058E-02    4.2591070140E-22
 1250.000000    3.8583015310E-03    1.5561608974E-22
 1251.000000    2.6124075162E-03    1.0536570022E-22
 1252.000000    2.4761636535E-03    9.9870604258E-23
 1253.000000    1.8890270656E-03    7.6189743857E-23
 1254.000000    1.3625222841E-03    5.4954333748E-23
 1255.000000    1.5383754821E-03    6.2046984963E-23
 1256.000000    1.8562672399E-03    7.4868448479E-23
 1257.000000    9.2683478393E-04    3.7381838551E-23
 1258.000000    5.5221278641E-04    2.2272285833E-23
 1259.000000    7.0200972099E-04    2.8314015082E-23
 1260.000000    1.3045659593E-03    5.2616793107E-23
 1261.000000    7.7616690056E-04    3.1304981501E-23
 1262.000000    8.9735065591E-04    3.6192661221E-23
 1263.000000    1.9397946186E-03    7.8237341229E-23
 1264.000000    7.0827646261E-03    2.8566770296E-22
 1265.000000    1.1470876438E-02    4.6265252284E-22
 1266.000000    6.2200961234E-03    2.5087386996E-22
 1267.000000    3.9943951658E-03    1.6110512659E-22
 1268.000000    1.4780649097E-03    5.9614490934E-23
 1269.000000    1.4318889816E-03    5.7752086631E-23
 1270.000000    6.6145132714E-04    2.6678181644E-23
 1271.000000    5.7008451808E-04    2.2993102746E-23
 1272.000000    9.8547222261E-04    3.9746850421E-23
 1273.000000    6.6440720391E-04    2.6797400421E-23
 1274.000000    6.6953977640E-04    2.7004411421E-23
 1275.000000    5.2131308940E-04    2.1026014647E-23
 1276.000000    6.1914920741E-04    2.4972018866E-23
 1277.000000    9.8430088408E-04    3.9699607062E-23
 1278.000000    8.0701098517E-04    3.2549009683E-23
 1279.000000    5.9674765823E-04    2.4068501746E-23
 1280.000000    9.8569104165E-04    3.9755676005E-23
 1281.000000    2.7966067316E-03    1.1279496966E-22
 1282.000000    3.1906983108E-03    1.2868978505E-22
 1283.000000    1.8075886646E-03    7.2905105418E-23
 1284.000000    1.0963284829E-03    4.4217993385E-23
 1285.000000    5.2727994296E-04    2.1266674536E-23
 1286.000000    5.8655582869E-04    2.3657436761E-23
 1287.000000    4.9212875140E-03    1.9848928687E-22
 1288.000000    1.6523478855E-03    6.6643810695E-23
 1289.000000    1.1905716907E-03    4.8019085491E-23
 1290.000000    2.7946555875E-03    1.1271627456E-22
 1291.000000    1.5076355556E-03    6.0807157769E-23
 1292.000000    1.0630860596E-03    4.2877233500E-23
 1293.000000    1.1979652308E-03    4.8317287637E-23
 1294.000000    4.8520274018E-04    1.9569583287E-23
 1295.000000    3.9426045863E-04    1.5901626770E-23
 1296.000000    6.6514104596E-04    2.6826998322E-23
 1297.000000    1.2160183010E-03    4.9045418440E-23
 1298.000000    2.3746003317E-03    9.5774271488E-23
 1299.000000    1.5079328697E-03    6.0819149277E-23
 1300.000000    9.5117388555E-04    3.8363502579E-23
 1301.000000    7.6892500150E-04    3.1012895461E-23
 1302.000000    6.6290310100E-04    2.6736735744E-23
 1303.000000    4.4453003880E-04    1.7929139507E-23
 1304.000000    6.2252240326E-04    2.5108069287E-23
 1305.000000    6.7522509285E-04    2.7233716131E-23
 1306.000000    3.3586528647E-04    1.3546386186E-23
 1307.000000    2.5702723081E-04    1.0366626946E-23
 1308.000000    4.3612546580E-04    1.7590159577E-23
 1309.000000    4.2483162064E-04    1.7134647220E-23
 1310.000000    1.2772802490E-03    5.1516284112E-23
 1311.000000    1.4925825010E-03    6.0200025985E-23
 1312.000000    1.3395668799E-03    5.4028478106E-23
 1313.000000    1.9003957597E-03    7.6648275080E-23
 1314.000000    1.5220278226E-03    6.1387638144E-23
 1315.000000    7.3422760373E-04    2.9613452385E-23
 1316.000000    9.7656075623E-04    3.9387426063E-23
 1317.000000    6.8646744776E-04    2.7687151742E-23
 1318.000000    4.7512872235E-04    1.9163269978E-23
 1319.000000    2.0384573679E-04    8.2216685800E-24
 1320.000000    1.7675689230E-04    7.1290997331E-24
 1321.000000    1.5014679000E-04    6.0558398971E-24
 1322.000000    1.9598586519E-04    7.9046579797E-24
 1323.000000    2.0792786289E-04    8.3863121407E-24
 1324.000000    1.1181694035E-04    4.5098898788E-24
 1325.000000    1.2622437107E-04    5.0909818473E-24
 1326.000000    1.9164447529E-04    7.7295575852E-24
 1327.000000    2.6293748973E-04    1.0605004215E-23
 1328.000000    2.3690673497E-04    9.5551110851E-24
 1329.000000    3.0994461495E-04    1.2500933021E-23
 1330.000000    3.0575977811E-04    1.2332146849E-23
 1331.000000    5.7271607903E-04    2.3099240958E-23
 1332.000000    2.4345654380E-03    9.8192831906E-23
 1333.000000    6.1063523892E-03    2.4628626709E-22
 1334.000000    2.9577208381E-03    1.1929315210E-22
 1335.000000    1.2268746777E-03    4.9483286472E-23
 1336.000000    2.3961083606E-03    9.6641750439E-23
 1337.000000    8.2085457036E-04    3.3107360184E-23
 1338.000000    4.4104775278E-04    1.7788689175E-23
 1339.000000    3.4273571959E-04    1.3823489965E-23
 1340.000000    2.0309013801E-04    8.1911931684E-24
 1341.000000    1.8046370107E-04    7.2786056963E-24
 1342.000000    1.2208722519E-04    4.9241191852E-24
 1343.000000    2.2800683623E-04    9.1961532824E-24
 1344.000000    2.6211009430E-04    1.0571633043E-23
 1345.000000    1.4189380408E-04    5.7229738972E-24
 1346.000000    2.4968716445E-04    1.0070581544E-23
 1347.000000    2.5908089740E-04    1.0449457062E-23
 1348.000000    3.4678836672E-04    1.3986944557E-23
 1349.000000    5.6833565747E-04    2.2922566307E-23
 1350.000000    3.0373271569E-04    1.2250389754E-23
 1351.000000    5.1572439513E-04    2.0800606979E-23
 1352.000000    4.7127973669E-04    1.9008029624E-23
 1353.000000    5.2923498763E-04    2.1345526955E-23
 1354.000000    8.0380886794E-04    3.2419859340E-23
 1355.000000    2.9333657370E-03    1.1831084277E-22
 1356.000000    2.0522809930E-03    8.2774231256E-23
 1357.000000    7.6312591218E-04    3.0779001973E-23
 1358.000000    3.7556412035E-04    1.5147551166E-23
 1359.000000    4.0224210011E-04    1.6223548690E-23
 1360.000000    1.2868614760E-03    5.1902721787E-23
 1361.000000    1.0121865667E-03    4.0824314621E-23
 1362.000000    5.8619207818E-04    2.3642765686E-23
 1363.000000    3.6883716243E-04    1.4876234143E-23
 1364.000000    5.2948003647E-04    2.1355410460E-23
 1365.000000    9.6712421781E-04    3.9006824081E-23
 1366.000000    4.4852010880E-04    1.8090070188E-23
 1367.000000    2.4258157449E-04    9.7839932317E-24
 1368.000000    2.8072022652E-04    1.1322231715E-23
 1369.000000    3.4613356647E-04    1.3960534631E-23
 1370.000000    8.2215134476E-04    3.3159662722E-23
 1371.000000    1.8611364413E-03    7.5064836989E-23
 1372.000000    2.4701233003E-03    9.9626979924E-23
 1373.000000    1.0236939632E-03    4.1288440097E-23
 1374.000000    1.7247996193E-03    6.9565991717E-23
 1375.000000    3.5410694076E-03    1.4282123113E-22
 1376.000000    7.0268607082E-03    2.8341294162E-22
 1377.000000    1.6155729481E-03    6.5160574637E-23
 1378.000000    1.4611569335E-03    5.8932544973E-23
 1379.000000    2.2588183669E-03    9.1104461087E-23
 1380.000000    1.1270950992E-03    4.5458897056E-23
 1381.000000    9.0823629005E-04    3.6631709285E-23
 1382.000000    1.2461711054E-03    5.0261565359E-23
 1383.000000    1.0966306047E-03    4.4230178805E-23
 1384.000000    1.2143935270E-03    4.8979886759E-23
 1385.000000    1.6369375361E-03    6.6022268210E-23
 1386.000000    1.6368931923E-03    6.6020479700E-23
 1387.000000    3.3437182057E-03    1.3486150530E-22
 1388.000000    9.6496579334E-03    3.8919768786E-22
 1389.000000    2.7695201012E-03    1.1170249011E-22
 1390.000000    2.5218995726E-03    1.0171526177E-22
 1391.000000    3.9543873793E-03    1.5949150069E-22
 1392.000000    2.3002294763E-03    9.2774686927E-23
 1393.000000    2.5900041660E-03    1.0446211046E-22
 1394.000000    4.1464315900E-03    1.6723718072E-22
 1395.000000    3.5989278049E-03    1.4515482208E-22
 1396.000000    2.4133493954E-03    9.7337129581E-23
 1397.000000    2.4906358933E-03    1.0045431016E-22
 1398.000000    2.6562885189E-03    1.0713554377E-22
 1399.000000    2.4902756065E-03    1.0043977879E-22
 1400.000000    4.2624677431E-03    1.7191724325E-22
 1401.000000    3.4320783023E-03    1.3842531508E-22
 1402.000000    5.2902029995E-03    2.1336868000E-22
 1403.000000    4.7660385359E-03    1.9222766146E-22
 1404.000000    1.3121827848E-02    5.2924000976E-22
 1405.000000    7.5255241496E-03    3.0352543263E-22
 1406.000000    8.9742421620E-03    3.6195628113E-22
 1407.000000    1.1439806794E-02    4.6139939720E-22
 1408.000000    1.3170652205E-02    5.3120923260E-22
 1409.000000    1.5875724941E-02    6.4031238027E-22
 1410.000000    1.1107965890E-02    4.4801532563E-22
 1411.000000    1.0608015343E-02    4.2785092207E-22
 1412.000000    1.3650562754E-02    5.5056536704E-22
 1413.000000    1.1637568072E-02    4.6937566254E-22
 1414.000000    1.6327621023E-02    6.5853861292E-22
 1415.000000    3.9690248498E-02    1.6008187081E-21
 1416.000000    1.9139089667E-02    7.7193300503E-22
 1417.000000    8.3981761273E-03    3.3872192709E-22
 1418.000000    6.1112144563E-03    2.4648236785E-22
 1419.000000    6.8002688721E-03    2.7427385925E-22
 1420.000000    1.7822605278E-02    7.1883550832E-22
 1421.000000    1.7847498459E-02    7.1983951992E-22
 1422.000000    2.6045608503E-02    1.0504922225E-21
 1423.000000    2.1448200933E-02    8.6506591941E-22
 1424.000000    1.6934490508E-02    6.8301535622E-22
 1425.000000    1.3961779401E-02    5.6311760467E-22
 1426.000000    1.6050802801E-02    6.4737375996E-22
 1427.000000    1.2415618542E-02    5.0075661368E-22
 1428.000000    1.2030774904E-02    4.8523479361E-22
 1429.000000    1.4144856532E-02    5.7050161730E-22
 1430.000000    6.5944548284E-03    2.6597280335E-22
 1431.000000    6.3266051794E-03    2.5516967802E-22
 1432.000000    1.0478916707E-02    4.2264401305E-22
 1433.000000    7.8191558330E-03    3.1536841950E-22
 1434.000000    9.3494964049E-03    3.7709133407E-22
 1435.000000    1.7380334318E-02    7.0099748379E-22
 1436.000000    4.6158445518E-02    1.8616991809E-21
 1437.000000    7.5358555839E-02    3.0394212827E-21
 1438.000000    5.3394319403E-02    2.1535422084E-21
 1439.000000    6.0220545671E-02    2.4288630021E-21
 1440.000000    4.1076126826E-02    1.6567150564E-21
 1441.000000    3.0124110261E-02    1.2149896031E-21
 1442.000000    2.0570688728E-02    8.2967339835E-22
 1443.000000    1.6152748340E-02    6.5148550860E-22
 1444.000000    1.8413322483E-02    7.4266078506E-22
 1445.000000    1.5317814768E-02    6.1781030290E-22
 1446.000000    1.0786533502E-02    4.3505105862E-22
 1447.000000    1.1938136661E-02    4.8149843422E-22
 1448.000000    2.6574862438E-02    1.0718385136E-21
 1449.000000    3.2207588719E-02    1.2990221153E-21
 1450.000000    3.0938401412E-02    1.2478322422E-21
 1451.000000    2.9889288101E-02    1.2055185687E-21
 1452.000000    6.1652235514E-02    2.4866070569E-21
 1453.000000    1.5132533967E-01    6.1033741012E-21
 1454.000000    1.4493808305E-01    5.8457581807E-21
 1455.000000    9.3321666377E-02    3.7639237610E-21
 1456.000000    6.2232465543E-02    2.5100093565E-21
 1457.000000    4.9132579664E-02    1.9816543276E-21
 1458.000000    3.7527911008E-02    1.5136055905E-21
 1459.000000    3.0674484140E-02    1.2371877206E-21
 1460.000000    1.5906577155E-02    6.4155673632E-22
 1461.000000    1.8202160226E-02    7.3414402075E-22
 1462.000000    4.4925281803E-02    1.8119622400E-21
 1463.000000    3.2778581397E-02    1.3220518467E-21
 1464.000000    3.8576555187E-02    1.5559003426E-21
 1465.000000    5.7172676814E-02    2.3059339283E-21
 1466.000000    5.4369899685E-02    2.1928900892E-21
 1467.000000    9.0848462569E-02    3.6641725356E-21
 1468.000000    1.7635134811E-01    7.1127430019E-21
 1469.000000    4.2729756381E-01    1.7234105604E-20
 1470.000000    3.4513372072E-01    1.3920208056E-20
 1471.000000    1.1037320304E-01    4.4516599161E-21
 1472.000000    7.2603067223E-02    2.9282847216E-21
 1473.000000    3.6649395298E-02    1.4781725953E-21
 1474.000000    5.0391407898E-02    2.0324263904E-21
 1475.000000    9.8148200755E-02    3.9585913890E-21
 1476.000000    5.0914731093E-02    2.0535334782E-21
 1477.000000    6.6120489948E-02    2.6668242528E-21
 1478.000000    9.5837405641E-02    3.8653905603E-21
 1479.000000    7.2085350344E-02    2.9074037521E-21
 1480.000000    8.1241798870E-02    3.2767089254E-21
 1481.000000    1.1408357389E-01    4.6013095475E-21
 1482.000000    2.0323314728E-01    8.1969611320E-21
 1483.000000    3.2528106102E-01    1.3119494777E-20
 1484.000000    4.5555361673E-01    1.8373751231E-20
 1485.000000    8.0039017994E-01    3.2281974094E-20
 1486.000000    1.7690270519E-01    7.1349807744E-21
 1487.000000    7.0983488066E-02    2.8629625653E-21
 1488.000000    6.3940143127E-02    2.5788847686E-21
 1489.000000    1.1233407572E-01    4.5307473944E-21
 1490.000000    5.7720361854E-02    2.3280235974E-21
 1491.000000    9.3521312207E-02    3.7719760356E-21
 1492.000000    6.8351953283E-02    2.7568254090E-21
 1493.000000    1.1823234339E-01    4.7686410227E-21
 1494.000000    4.1598109423E-01    1.6777680741E-20
 1495.000000    2.0409761295E-01    8.2318274499E-21
 1496.000000    3.0417831696E-01    1.2268362099E-20
 1497.000000    2.1321682719E-01    8.5996308604E-21
 1498.000000    2.7895994349E-01    1.1251234579E-20
 1499.000000    4.8953332377E-01    1.9744247833E-20
 1500.000000    6.0270911335E-01    2.4308943901E-20
