# Absorption coefficients
# Pure SO2
# Wavenumber range: 500-1500 cm-1, T: 296 K, P: 1 atm, step: 1 cm-1, Profile: Voigt, Wing: 50 HW, Scut: 1e-28 cm/mol
# KNa, Ka and thier units definition in Eqs(2)-(3) of  https://spectra.iao.ru/home.sim-theory.sp-functions.
# WN,cm-1           KNa,cm-1       Ka,cm**2/molecule (FORMAT F12.6,3X,E17.10,3X,E17.10)

  500.000000    1.9594710418E+00    7.9030946399E-20
  501.000000    1.3859350338E+00    5.5898635414E-20
  502.000000    1.4235808144E+00    5.7416995013E-20
  503.000000    1.9797526633E+00    7.9848960908E-20
  504.000000    1.5052871844E+00    6.0712441394E-20
  505.000000    1.4906035724E+00    6.0120210259E-20
  506.000000    1.7653547987E+00    7.1201695507E-20
  507.000000    1.5542711355E+00    6.2688101113E-20
  508.000000    1.4196217668E+00    5.7257315554E-20
  509.000000    1.4621179182E+00    5.8971304174E-20
  510.000000    1.3600684955E+00    5.4855365592E-20
  511.000000    1.3189939187E+00    5.3198713052E-20
  512.000000    1.0261034363E+00    4.1385620884E-20
  513.000000    1.0095405629E+00    4.0717593886E-20
  514.000000    8.1916466761E-01    3.3039201681E-20
  515.000000    6.8569279686E-01    2.7655907905E-20
  516.000000    6.4794477762E-01    2.6133424734E-20
  517.000000    5.7438145317E-01    2.3166410153E-20
  518.000000    5.8326618689E-01    2.3524756309E-20
  519.000000    6.0738510968E-01    2.4497539909E-20
  520.000000    7.1241204964E-01    2.8733570085E-20
  521.000000    7.1300513237E-01    2.8757490770E-20
  522.000000    9.8474699124E-01    3.9717599812E-20
  523.000000    1.0473737173E+00    4.2243510799E-20
  524.000000    1.0856601386E+00    4.3787709231E-20
  525.000000    1.3637340940E+00    5.5003209430E-20
  526.000000    1.4116237836E+00    5.6934734526E-20
  527.000000    1.6170015141E+00    6.5218192697E-20
  528.000000    1.3841394887E+00    5.5826216058E-20
  529.000000    1.5017255665E+00    6.0568791383E-20
  530.000000    1.7798610950E+00    7.1786775000E-20
  531.000000    1.6349105717E+00    6.5940515067E-20
  532.000000    1.3970698623E+00    5.6347734181E-20
  533.000000    1.5313580169E+00    6.1763950970E-20
  534.000000    2.1129977873E+00    8.5223109352E-20
  535.000000    1.3739420598E+00    5.5414925236E-20
  536.000000    1.2772071581E+00    5.1513336151E-20
  537.000000    1.5628127141E+00    6.3032606864E-20
  538.000000    1.8725389490E+00    7.5524732009E-20
  539.000000    1.1107650894E+00    4.4800262094E-20
  540.000000    1.0645950784E+00    4.2938096445E-20
  541.000000    1.2875354449E+00    5.1929904838E-20
  542.000000    1.5294020612E+00    6.1685061806E-20
  543.000000    9.1038255940E-01    3.6718274330E-20
  544.000000    8.9647717767E-01    3.6157431401E-20
  545.000000    1.1303567590E+00    4.5590448915E-20
  546.000000    1.2329175674E+00    4.9727013110E-20
  547.000000    7.4095265679E-01    2.9884692580E-20
  548.000000    7.0090337752E-01    2.8269393156E-20
  549.000000    8.4559401661E-01    3.4105171231E-20
  550.000000    1.0485923707E+00    4.2292662496E-20
  551.000000    6.4547427066E-01    2.6033782280E-20
  552.000000    6.5859818062E-01    2.6563106267E-20
  553.000000    7.0408274072E-01    2.8397625765E-20
  554.000000    9.5687788024E-01    3.8593560634E-20
  555.000000    4.9861149369E-01    2.0110395812E-20
  556.000000    5.2059917514E-01    2.0997220489E-20
  557.000000    5.7635278208E-01    2.3245919361E-20
  558.000000    9.3022756349E-01    3.7518678838E-20
  559.000000    4.7383865270E-01    1.9111237862E-20
  560.000000    4.6249673104E-01    1.8653786446E-20
  561.000000    4.8822095966E-01    1.9691316519E-20
  562.000000    8.2841314156E-01    3.3412218497E-20
  563.000000    4.2697951287E-01    1.7221277720E-20
  564.000000    3.6420940802E-01    1.4689583867E-20
  565.000000    4.1291093271E-01    1.6653852542E-20
  566.000000    6.1144799006E-01    2.4661407235E-20
  567.000000    4.3471258259E-01    1.7533174046E-20
  568.000000    3.3236741650E-01    1.3405307309E-20
  569.000000    3.1635386465E-01    1.2759435984E-20
  570.000000    4.1985761043E-01    1.6934031480E-20
  571.000000    4.0789107652E-01    1.6451387705E-20
  572.000000    2.9669430323E-01    1.1966510898E-20
  573.000000    2.7622989222E-01    1.1141123977E-20
  574.000000    2.7331839221E-01    1.1023695040E-20
  575.000000    3.8736511737E-01    1.5623518375E-20
  576.000000    2.8137448550E-01    1.1348619810E-20
  577.000000    2.3986172491E-01    9.6742940925E-21
  578.000000    2.2168155334E-01    8.9410369357E-21
  579.000000    3.8805604740E-01    1.5651385515E-20
  580.000000    2.5837346117E-01    1.0420924181E-20
  581.000000    2.1108050426E-01    8.5134669828E-21
  582.000000    2.0288072404E-01    8.1827469173E-21
  583.000000    2.0096763698E-01    8.1055867665E-21
  584.000000    1.9437890538E-01    7.8398447972E-21
  585.000000    1.9622738517E-01    7.9143991561E-21
  586.000000    1.5975877310E-01    6.4435180538E-21
  587.000000    1.7003566439E-01    6.8580138167E-21
  588.000000    1.6050454841E-01    6.4735972575E-21
  589.000000    1.4715307736E-01    5.9350950953E-21
  590.000000    1.5835677678E-01    6.3869716219E-21
  591.000000    1.1993815770E-01    4.8374412839E-21
  592.000000    1.5807491210E-01    6.3756032310E-21
  593.000000    1.0240814573E-01    4.1304068820E-21
  594.000000    1.0446611335E-01    4.2134104709E-21
  595.000000    1.2568530204E-01    5.0692396859E-21
  596.000000    9.5712110533E-02    3.8603370583E-21
  597.000000    9.9524611552E-02    4.0141058853E-21
  598.000000    7.5851875477E-02    3.0593182431E-21
  599.000000    7.3895462269E-02    2.9804106277E-21
  600.000000    8.5930694313E-02    3.4658251902E-21
  601.000000    8.0320849672E-02    3.2395644691E-21
  602.000000    7.0853824190E-02    2.8577328587E-21
  603.000000    5.3777445920E-02    2.1689947722E-21
  604.000000    5.3996591019E-02    2.1778335069E-21
  605.000000    6.2974575359E-02    2.5399407205E-21
  606.000000    5.0208593584E-02    2.0250529779E-21
  607.000000    4.8821433886E-02    1.9691049484E-21
  608.000000    3.9800087628E-02    1.6052488273E-21
  609.000000    3.9007384553E-02    1.5732768956E-21
  610.000000    4.6172725918E-02    1.8622751494E-21
  611.000000    3.4286986892E-02    1.3828900583E-21
  612.000000    3.3840621167E-02    1.3648868804E-21
  613.000000    2.7596830332E-02    1.1130573365E-21
  614.000000    2.9827196025E-02    1.2030142217E-21
  615.000000    2.9354885711E-02    1.1839646260E-21
  616.000000    2.4054617475E-02    9.7018998687E-22
  617.000000    2.3810499699E-02    9.6034403435E-22
  618.000000    1.9330960592E-02    7.7967169599E-22
  619.000000    2.0131288662E-02    8.1195116502E-22
  620.000000    1.9338725498E-02    7.7998487636E-22
  621.000000    1.7026836055E-02    6.8673991037E-22
  622.000000    1.6211249936E-02    6.5384504155E-22
  623.000000    1.4262630625E-02    5.7525177582E-22
  624.000000    1.2730589704E-02    5.1346028140E-22
  625.000000    1.2353395526E-02    4.9824698546E-22
  626.000000    1.1653142587E-02    4.7000382629E-22
  627.000000    1.0745419783E-02    4.3339282734E-22
  628.000000    8.9273616967E-03    3.6006546087E-22
  629.000000    8.4602202888E-03    3.4122434162E-22
  630.000000    7.9489673207E-03    3.2060407980E-22
  631.000000    7.7654046804E-03    3.1320048522E-22
  632.000000    7.1227249107E-03    2.8727941297E-22
  633.000000    5.8304299583E-03    2.3515754389E-22
  634.000000    5.3614031128E-03    2.1624037967E-22
  635.000000    5.1385773819E-03    2.0725319485E-22
  636.000000    5.0906574178E-03    2.0532044870E-22
  637.000000    3.9060653210E-03    1.5754253695E-22
  638.000000    3.5493685045E-03    1.4315595691E-22
  639.000000    3.0060730971E-03    1.2124333391E-22
  640.000000    3.2562678077E-03    1.3133438621E-22
  641.000000    3.0916659336E-03    1.2469553235E-22
  642.000000    2.3273989932E-03    9.3870509517E-23
  643.000000    2.2241418060E-03    8.9705858421E-23
  644.000000    1.7620874858E-03    7.1069915640E-23
  645.000000    2.1317676818E-03    8.5980151684E-23
  646.000000    1.7925828167E-03    7.2299877610E-23
  647.000000    1.5116868501E-03    6.0970557803E-23
  648.000000    1.3783275376E-03    5.5591803820E-23
  649.000000    1.1285729857E-03    4.5518504352E-23
  650.000000    1.3564135933E-03    5.4707953166E-23
  651.000000    1.1182893653E-03    4.5103737183E-23
  652.000000    9.9537702234E-04    4.0146338691E-23
  653.000000    8.3081221665E-04    3.3508979904E-23
  654.000000    7.3100881542E-04    2.9483629651E-23
  655.000000    8.1037264408E-04    3.2684594787E-23
  656.000000    6.5892673685E-04    2.6576357859E-23
  657.000000    6.2326246931E-04    2.5137918221E-23
  658.000000    4.9987548402E-04    2.0161376076E-23
  659.000000    4.4917196185E-04    1.8116361244E-23
  660.000000    4.8889927056E-04    1.9718674694E-23
  661.000000    4.1455613172E-04    1.6720208019E-23
  662.000000    4.0403204621E-04    1.6295742221E-23
  663.000000    3.0719914134E-04    1.2390200393E-23
  664.000000    2.8071213911E-04    1.1321905528E-23
  665.000000    2.9472656384E-04    1.1887146466E-23
  666.000000    2.5703942127E-04    1.0367118621E-23
  667.000000    2.3251329246E-04    9.3779112635E-24
  668.000000    1.8894063061E-04    7.6205039687E-24
  669.000000    1.6905637090E-04    6.8185161720E-24
  670.000000    1.7534106846E-04    7.0719955986E-24
  671.000000    1.5684575301E-04    6.3260278078E-24
  672.000000    1.4025051077E-04    5.6566952828E-24
  673.000000    1.2785054362E-04    5.1565699336E-24
  674.000000    1.0333613054E-04    4.1678351044E-24
  675.000000    1.0732248134E-04    4.3286157789E-24
  676.000000    9.6273068536E-05    3.8829620631E-24
  677.000000    8.4778286018E-05    3.4193453412E-24
  678.000000    6.9371259320E-05    2.7979368717E-24
  679.000000    6.4456980734E-05    2.5997302745E-24
  680.000000    6.4313090756E-05    2.5939267894E-24
  681.000000    5.7234604124E-05    2.3084316298E-24
  682.000000    5.1072247011E-05    2.0598865356E-24
  683.000000    4.5547216307E-05    1.8370465977E-24
  684.000000    4.2739004731E-05    1.7237835722E-24
  685.000000    3.9522254593E-05    1.5940430441E-24
  686.000000    3.5720858487E-05    1.4407221093E-24
  687.000000    3.1965149788E-05    1.2892438753E-24
  688.000000    2.6138705482E-05    1.0542470839E-24
  689.000000    2.3790631999E-05    9.5954271443E-25
  690.000000    2.4484165632E-05    9.8751486520E-25
  691.000000    2.2058760054E-05    8.8969147605E-25
  692.000000    1.8656817132E-05    7.5248160513E-25
  693.000000    1.6797001553E-05    6.7747004221E-25
  694.000000    1.6556185356E-05    6.6775725160E-25
  695.000000    1.6100017517E-05    6.4935872706E-25
  696.000000    1.3717267979E-05    5.5325577528E-25
  697.000000    1.1496689751E-05    4.6369364593E-25
  698.000000    1.1540808632E-05    4.6547308377E-25
  699.000000    9.7438755577E-06    3.9299774811E-25
  700.000000    9.4078270117E-06    3.7944397055E-25
  701.000000    9.0405970482E-06    3.6463255924E-25
  702.000000    7.7289663916E-06    3.1173082714E-25
  703.000000    7.4999248311E-06    3.0249294053E-25
  704.000000    7.2862305402E-06    2.9387405222E-25
  705.000000    8.6380718868E-06    3.4839759390E-25
  706.000000    6.9990665264E-06    2.8229192455E-25
  707.000000    6.1739375826E-06    2.4901216693E-25
  708.000000    5.8454228077E-06    2.3576224743E-25
  709.000000    5.6349922455E-06    2.2727499443E-25
  710.000000    5.5197057601E-06    2.2262516810E-25
  711.000000    4.9428340677E-06    1.9935831963E-25
  712.000000    4.7598358133E-06    1.9197748831E-25
  713.000000    4.5661032823E-06    1.8416371360E-25
  714.000000    4.1000934446E-06    1.6536823374E-25
  715.000000    2.7120827178E-06    1.0938587982E-25
  716.000000    3.2674782864E-06    1.3178653617E-25
  717.000000    3.3496970059E-06    1.3510264703E-25
  718.000000    2.8518844178E-06    1.1502447331E-25
  719.000000    2.5687866649E-06    1.0360634931E-25
  720.000000    2.2790339808E-06    9.1919813324E-26
  721.000000    1.7586192645E-06    7.0930032576E-26
  722.000000    1.6582637998E-06    6.6882416062E-26
  723.000000    1.9225351702E-06    7.7541219412E-26
  724.000000    3.1854814652E-06    1.2847937508E-25
  725.000000    4.8865185898E-06    1.9708695893E-25
  726.000000    4.2965469164E-06    1.7329175160E-25
  727.000000    3.4956044498E-06    1.4098750225E-25
  728.000000    2.6150287758E-06    1.0547142295E-25
  729.000000    2.3295473863E-06    9.3957160221E-26
  730.000000    2.4126889109E-06    9.7310490396E-26
  731.000000    2.5139678494E-06    1.0139535319E-25
  732.000000    2.6171882619E-06    1.0555852107E-25
  733.000000    2.8680587415E-06    1.1567682902E-25
  734.000000    3.1635792247E-06    1.2759599647E-25
  735.000000    3.1634392454E-06    1.2759035072E-25
  736.000000    3.2235017075E-06    1.3001283776E-25
  737.000000    3.5414987133E-06    1.4283854622E-25
  738.000000    3.5161696430E-06    1.4181695399E-25
  739.000000    3.2753207248E-06    1.3210284364E-25
  740.000000    3.1398285853E-06    1.2663806677E-25
  741.000000    3.1665213420E-06    1.2771466029E-25
  742.000000    3.0359440962E-06    1.2244811483E-25
  743.000000    2.7758446740E-06    1.1195757782E-25
  744.000000    2.6063975001E-06    1.0512329947E-25
  745.000000    2.5271280653E-06    1.0192614150E-25
  746.000000    2.3035622535E-06    9.2909107151E-26
  747.000000    2.0086717104E-06    8.1015346942E-26
  748.000000    1.9860723177E-06    8.0103850240E-26
  749.000000    1.7179737483E-06    6.9290685252E-26
  750.000000    1.4824380040E-06    5.9790870055E-26
  751.000000    1.3004526661E-06    5.2450892490E-26
  752.000000    1.1714917178E-06    4.7249536830E-26
  753.000000    1.0841765909E-06    4.3727873603E-26
  754.000000    9.1293768551E-07    3.6821329711E-26
  755.000000    7.6149644294E-07    3.0713280922E-26
  756.000000    6.5626922108E-07    2.6469172816E-26
  757.000000    5.5334494397E-07    2.2317948913E-26
  758.000000    5.0268240473E-07    2.0274587037E-26
  759.000000    4.3878396762E-07    1.7697384389E-26
  760.000000    3.8173772853E-07    1.5396550047E-26
  761.000000    3.8896922962E-07    1.5688216708E-26
  762.000000    3.3726037774E-07    1.3602654118E-26
  763.000000    2.4280492507E-07    9.7930015854E-27
  764.000000    1.9873673836E-07    8.0156083872E-27
  765.000000    1.7663584072E-07    7.1242173842E-27
  766.000000    1.5954492997E-07    6.4348931623E-27
  767.000000    1.5158098094E-07    6.1136848281E-27
  768.000000    1.5410704923E-07    6.2155682261E-27
  769.000000    2.5741374893E-07    1.0382216302E-26
  770.000000    2.0018504373E-07    8.0740225924E-27
  771.000000    1.2751410526E-07    5.1430004336E-27
  772.000000    1.2234631943E-07    4.9345691804E-27
  773.000000    1.1072057722E-07    4.4656704878E-27
  774.000000    1.1507926067E-07    4.6414683799E-27
  775.000000    1.0521721109E-07    4.2437043427E-27
  776.000000    1.1860981277E-07    4.7838654186E-27
  777.000000    2.7480682682E-07    1.1083727770E-26
  778.000000    1.7817207802E-07    7.1861781302E-27
  779.000000    1.1403515925E-07    4.5993568499E-27
  780.000000    1.2143868358E-07    4.8979616888E-27
  781.000000    1.2875323525E-07    5.1929780113E-27
  782.000000    1.3817647767E-07    5.5730437282E-27
  783.000000    1.4924730000E-07    6.0195609503E-27
  784.000000    1.7664193073E-07    7.1244630114E-27
  785.000000    3.7816049836E-07    1.5252270352E-26
  786.000000    2.6985554230E-07    1.0884028620E-26
  787.000000    2.4249854662E-07    9.7806444856E-27
  788.000000    2.8626789014E-07    1.1545984502E-26
  789.000000    3.3431955420E-07    1.3484042481E-26
  790.000000    4.0550399827E-07    1.6355110164E-26
  791.000000    4.8506115851E-07    1.9563872903E-26
  792.000000    5.9256851847E-07    2.3899945353E-26
  793.000000    9.2218340476E-07    3.7194235422E-26
  794.000000    8.3902655466E-07    3.3840287126E-26
  795.000000    9.6144676614E-07    3.8777836579E-26
  796.000000    1.1083348474E-06    4.4702243642E-26
  797.000000    1.3462766712E-06    5.4299102754E-26
  798.000000    1.6735674430E-06    6.7499654786E-26
  799.000000    2.0143959129E-06    8.1246220035E-26
  800.000000    2.5213532804E-06    1.0169322828E-25
  801.000000    3.0894419913E-06    1.2460583454E-25
  802.000000    3.3638937549E-06    1.3567524162E-25
  803.000000    4.0036412681E-06    1.6147804775E-25
  804.000000    4.5156141757E-06    1.8212734675E-25
  805.000000    5.3340928305E-06    2.1513887961E-25
  806.000000    6.1076393991E-06    2.4633817580E-25
  807.000000    7.0917708266E-06    2.8603094821E-25
  808.000000    8.1796392148E-06    3.2990772232E-25
  809.000000    9.3449456234E-06    3.7690778833E-25
  810.000000    1.0633893135E-05    4.2889464578E-25
  811.000000    1.2017797296E-05    4.8471137042E-25
  812.000000    1.3486090297E-05    5.4393173294E-25
  813.000000    1.5210355917E-05    6.1347618695E-25
  814.000000    1.6702049604E-05    6.7364036458E-25
  815.000000    1.9356606142E-05    7.8070605271E-25
  816.000000    2.0556674589E-05    8.2910816895E-25
  817.000000    2.3349471702E-05    9.4174948603E-25
  818.000000    2.4853618645E-05    1.0024159383E-24
  819.000000    2.7444226696E-05    1.1069024052E-24
  820.000000    2.9511161274E-05    1.1902676565E-24
  821.000000    3.1360966301E-05    1.2648754658E-24
  822.000000    3.4339222301E-05    1.3849968584E-24
  823.000000    3.5578073748E-05    1.4349632015E-24
  824.000000    3.8061475653E-05    1.5351257447E-24
  825.000000    3.9138990018E-05    1.5785849121E-24
  826.000000    4.1628794155E-05    1.6790056752E-24
  827.000000    4.3416590696E-05    1.7511125089E-24
  828.000000    4.2460699579E-05    1.7125587472E-24
  829.000000    4.5721583587E-05    1.8440793176E-24
  830.000000    4.2924356221E-05    1.7312593161E-24
  831.000000    4.9829749932E-05    2.0097731540E-24
  832.000000    4.2866965058E-05    1.7289445700E-24
  833.000000    4.5202152477E-05    1.8231292085E-24
  834.000000    4.6199984574E-05    1.8633745672E-24
  835.000000    3.9639806104E-05    1.5987842253E-24
  836.000000    4.1522057961E-05    1.6747007060E-24
  837.000000    4.8131129622E-05    1.9412630471E-24
  838.000000    4.3184792745E-05    1.7417634493E-24
  839.000000    4.0172181724E-05    1.6202564227E-24
  840.000000    3.8879460378E-05    1.5681173560E-24
  841.000000    3.7693950358E-05    1.5203024218E-24
  842.000000    3.7137506431E-05    1.4978594822E-24
  843.000000    3.3804129354E-05    1.3634150636E-24
  844.000000    2.6697025942E-05    1.0767657093E-24
  845.000000    2.2356790000E-05    9.0171185717E-25
  846.000000    2.7197582870E-05    1.0969545699E-24
  847.000000    3.5648002103E-05    1.4377836076E-24
  848.000000    4.3019626069E-05    1.7351018155E-24
  849.000000    5.1358172364E-05    2.0714187047E-24
  850.000000    5.7586014820E-05    2.3226050059E-24
  851.000000    6.1211179482E-05    2.4688180338E-24
  852.000000    6.3597022714E-05    2.5650457629E-24
  853.000000    6.3695331696E-05    2.5690108390E-24
  854.000000    6.5030741467E-05    2.6228716493E-24
  855.000000    6.7768301913E-05    2.7332851171E-24
  856.000000    6.7411148411E-05    2.7188801177E-24
  857.000000    6.4752425256E-05    2.6116463783E-24
  858.000000    6.0599329923E-05    2.4441404301E-24
  859.000000    5.6379261738E-05    2.2739332796E-24
  860.000000    5.2373467392E-05    2.1123683922E-24
  861.000000    4.8381310634E-05    1.9513535469E-24
  862.000000    4.4647347328E-05    1.8007523654E-24
  863.000000    4.0623926217E-05    1.6384765413E-24
  864.000000    3.5993156142E-05    1.4517046351E-24
  865.000000    3.1251791753E-05    1.2604721510E-24
  866.000000    2.7295931938E-05    1.1009212629E-24
  867.000000    2.3652091527E-05    9.5395498979E-25
  868.000000    1.9709101713E-05    7.9492318477E-25
  869.000000    1.6293982851E-05    6.5718189135E-25
  870.000000    1.3801164828E-05    5.5663956983E-25
  871.000000    1.1459554825E-05    4.6219589051E-25
  872.000000    9.2811720286E-06    3.7433562092E-25
  873.000000    7.3398555759E-06    2.9603689987E-25
  874.000000    5.7660296723E-06    2.3256010027E-25
  875.000000    4.6662484715E-06    1.8820284912E-25
  876.000000    3.9082459638E-06    1.5763048838E-25
  877.000000    2.9520153099E-06    1.1906303219E-25
  878.000000    2.2187541339E-06    8.9488558539E-26
  879.000000    1.7014505887E-06    6.8624260019E-26
  880.000000    1.4334971996E-06    5.7816950559E-26
  881.000000    1.3183627578E-06    5.3173256568E-26
  882.000000    1.2071537535E-06    4.8687886449E-26
  883.000000    9.8507630590E-07    3.9730881993E-26
  884.000000    7.8145798870E-07    3.1518385881E-26
  885.000000    7.3688627469E-07    2.9720684018E-26
  886.000000    6.7659763220E-07    2.7289074481E-26
  887.000000    6.7150282742E-07    2.7083586758E-26
  888.000000    7.2498725109E-07    2.9240763123E-26
  889.000000    6.6836872754E-07    2.6957179746E-26
  890.000000    4.6723344506E-07    1.8844831367E-26
  891.000000    5.1769603988E-07    2.0880128926E-26
  892.000000    6.2007773919E-07    2.5009469149E-26
  893.000000    7.2722659097E-07    2.9331081963E-26
  894.000000    8.7764479257E-07    3.5397868649E-26
  895.000000    6.2591461794E-07    2.5244886791E-26
  896.000000    5.7826448187E-07    2.3323023559E-26
  897.000000    6.5092049717E-07    2.6253443825E-26
  898.000000    7.5226997310E-07    3.0341151593E-26
  899.000000    9.4881168186E-07    3.8268228298E-26
  900.000000    1.1798913730E-06    4.7588318411E-26
  901.000000    1.1124061353E-06    4.4866450064E-26
  902.000000    1.2885757885E-06    5.1971864802E-26
  903.000000    1.5845438273E-06    6.3909083426E-26
  904.000000    1.6595753213E-06    6.6935313389E-26
  905.000000    1.9920392983E-06    8.0344515252E-26
  906.000000    2.3192796182E-06    9.3543032420E-26
  907.000000    2.7217711329E-06    1.0977664070E-25
  908.000000    3.0219761690E-06    1.2188474927E-25
  909.000000    3.5289894553E-06    1.4233401287E-25
  910.000000    4.0105541181E-06    1.6175686232E-25
  911.000000    4.6021358658E-06    1.8561700845E-25
  912.000000    4.9933701619E-06    2.0139658163E-25
  913.000000    5.2857481384E-06    2.1318900300E-25
  914.000000    5.6247333036E-06    2.2686122262E-25
  915.000000    6.5540458463E-06    2.6434299611E-25
  916.000000    6.7061666573E-06    2.7047845379E-25
  917.000000    6.7951903953E-06    2.7406903008E-25
  918.000000    7.5502585950E-06    3.0452304198E-25
  919.000000    7.8830329252E-06    3.1794476126E-25
  920.000000    7.6114061603E-06    3.0698929428E-25
  921.000000    8.2182643050E-06    3.3146558021E-25
  922.000000    8.5993868205E-06    3.4683731700E-25
  923.000000    7.9848778769E-06    3.2205245295E-25
  924.000000    7.6472806373E-06    3.0843621225E-25
  925.000000    7.8219907172E-06    3.1548275831E-25
  926.000000    6.9252721104E-06    2.7931558940E-25
  927.000000    6.0930140326E-06    2.4574829387E-25
  928.000000    5.3205828162E-06    2.1459398296E-25
  929.000000    4.3135809324E-06    1.7397878110E-25
  930.000000    3.1774409506E-06    1.2815507864E-25
  931.000000    2.6381781593E-06    1.0640510232E-25
  932.000000    3.0396808552E-06    1.2259882877E-25
  933.000000    4.4687896156E-06    1.8023878131E-25
  934.000000    9.9788655555E-06    4.0247555183E-25
  935.000000    1.0757140252E-05    4.3386554662E-25
  936.000000    8.7821337717E-06    3.5420801256E-25
  937.000000    7.2477779013E-06    2.9232314977E-25
  938.000000    6.4907849622E-06    2.6179150775E-25
  939.000000    6.3205905772E-06    2.5492709229E-25
  940.000000    6.4439999836E-06    2.5990453874E-25
  941.000000    6.7341073339E-06    2.7160537941E-25
  942.000000    7.3825675027E-06    2.9775959131E-25
  943.000000    8.2539941083E-06    3.3290666309E-25
  944.000000    9.1650665420E-06    3.6965276198E-25
  945.000000    9.8635996663E-06    3.9782655620E-25
  946.000000    1.0082561448E-05    4.0665789715E-25
  947.000000    1.0202907493E-05    4.1151178964E-25
  948.000000    1.0186756037E-05    4.1086035627E-25
  949.000000    9.8863936488E-06    3.9874590125E-25
  950.000000    9.5010136884E-06    3.8320244980E-25
  951.000000    9.2007220929E-06    3.7109085005E-25
  952.000000    8.7240908511E-06    3.5186697926E-25
  953.000000    7.9928669090E-06    3.2237467295E-25
  954.000000    6.9923063221E-06    2.8201926661E-25
  955.000000    6.1604425310E-06    2.4846787376E-25
  956.000000    5.0894351531E-06    2.0527115135E-25
  957.000000    4.3479717993E-06    1.7536586093E-25
  958.000000    3.6524196282E-06    1.4731229689E-25
  959.000000    2.8178341985E-06    1.1365113275E-25
  960.000000    1.9818486896E-06    7.9933499509E-26
  961.000000    1.5597335459E-06    6.2908415399E-26
  962.000000    1.2976224123E-06    5.2336740438E-26
  963.000000    1.1332315564E-06    4.5706397532E-26
  964.000000    1.1005816857E-06    4.4389536948E-26
  965.000000    1.1328567562E-06    4.5691280794E-26
  966.000000    1.1785162845E-06    4.7532857248E-26
  967.000000    1.1626112474E-06    4.6891362627E-26
  968.000000    1.2377647405E-06    4.9922513154E-26
  969.000000    1.3334813196E-06    5.3783030442E-26
  970.000000    1.4150845724E-06    5.7074317815E-26
  971.000000    1.6481167857E-06    6.6473158609E-26
  972.000000    1.9111618532E-06    7.7082501734E-26
  973.000000    2.0957466845E-06    8.4527324138E-26
  974.000000    2.3571788235E-06    9.5071613346E-26
  975.000000    2.6450527962E-06    1.0668237565E-25
  976.000000    2.9501035076E-06    1.1898592386E-25
  977.000000    3.0464109439E-06    1.2287027207E-25
  978.000000    3.5607277916E-06    1.4361410873E-25
  979.000000    4.1457115828E-06    1.6720814082E-25
  980.000000    4.7493718762E-06    1.9155544847E-25
  981.000000    5.2410884556E-06    2.1138775311E-25
  982.000000    5.7493339949E-06    2.3188671692E-25
  983.000000    5.9343327562E-06    2.3934823427E-25
  984.000000    6.4919788774E-06    2.6183966169E-25
  985.000000    7.0085064201E-06    2.8267266186E-25
  986.000000    7.0977128810E-06    2.8627060788E-25
  987.000000    7.7098666030E-06    3.1096047925E-25
  988.000000    8.6330925256E-06    3.4819676234E-25
  989.000000    8.6171680774E-06    3.4755448481E-25
  990.000000    9.3091840946E-06    3.7546542587E-25
  991.000000    1.0677651059E-05    4.3065952521E-25
  992.000000    1.1336178417E-05    4.5721977501E-25
  993.000000    1.3411827151E-05    5.4093649258E-25
  994.000000    1.6031463140E-05    6.4659373735E-25
  995.000000    1.9039618329E-05    7.6792104782E-25
  996.000000    2.1160539371E-05    8.5346372422E-25
  997.000000    2.5153811942E-05    1.0145235734E-24
  998.000000    2.7993718820E-05    1.1290649590E-24
  999.000000    2.9633112031E-05    1.1951862715E-24
 1000.000000    3.3994373684E-05    1.3710881494E-24
 1001.000000    3.8942576453E-05    1.5706630038E-24
 1002.000000    4.4835855227E-05    1.8083554161E-24
 1003.000000    4.4966330661E-05    1.8136178552E-24
 1004.000000    4.9986665206E-05    2.0161019858E-24
 1005.000000    4.8667384469E-05    1.9628917046E-24
 1006.000000    5.2891189283E-05    2.1332495638E-24
 1007.000000    6.0606461684E-05    2.4444280740E-24
 1008.000000    6.5092019616E-05    2.6253431684E-24
 1009.000000    7.1832262395E-05    2.8971960074E-24
 1010.000000    7.1632307434E-05    2.8891312647E-24
 1011.000000    7.7595208550E-05    3.1296317408E-24
 1012.000000    8.9069605632E-05    3.5924262611E-24
 1013.000000    9.4961849573E-05    3.8300769358E-24
 1014.000000    1.0492254784E-04    4.2318197502E-24
 1015.000000    1.0979314131E-04    4.4282644042E-24
 1016.000000    1.1628871115E-04    4.6902488996E-24
 1017.000000    1.2043284709E-04    4.8573934905E-24
 1018.000000    1.3294590271E-04    5.3620800138E-24
 1019.000000    1.3288991425E-04    5.3598218426E-24
 1020.000000    1.3934836017E-04    5.6203090263E-24
 1021.000000    1.6216225039E-04    6.5404570138E-24
 1022.000000    1.7333929761E-04    6.9912585824E-24
 1023.000000    1.7888909933E-04    7.2150976049E-24
 1024.000000    2.0139860345E-04    8.1229688495E-24
 1025.000000    1.9976674817E-04    8.0571515629E-24
 1026.000000    2.1813954627E-04    8.7981778863E-24
 1027.000000    2.3946257326E-04    9.6581951905E-24
 1028.000000    2.7350741660E-04    1.1031318922E-23
 1029.000000    2.9424230340E-04    1.1867614888E-23
 1030.000000    3.3189673090E-04    1.3386323242E-23
 1031.000000    3.8039431303E-04    1.5342366344E-23
 1032.000000    4.4123662439E-04    1.7796306895E-23
 1033.000000    4.7748335360E-04    1.9258238841E-23
 1034.000000    5.4178025868E-04    2.1851512817E-23
 1035.000000    6.0578886484E-04    2.4433158891E-23
 1036.000000    6.9977762972E-04    2.8223988600E-23
 1037.000000    7.8553635844E-04    3.1682877937E-23
 1038.000000    9.4356514127E-04    3.8056620646E-23
 1039.000000    1.1041955729E-03    4.4535295127E-23
 1040.000000    1.2247947710E-03    4.9399398017E-23
 1041.000000    1.4276502991E-03    5.7581128710E-23
 1042.000000    1.6510513932E-03    6.6591519533E-23
 1043.000000    1.8696638685E-03    7.5408771970E-23
 1044.000000    2.0709663792E-03    8.3527865132E-23
 1045.000000    2.4068174714E-03    9.7073678823E-23
 1046.000000    2.7879560912E-03    1.1244606514E-22
 1047.000000    2.9442128558E-03    1.1874833740E-22
 1048.000000    3.4347549235E-03    1.3853327070E-22
 1049.000000    3.7782961946E-03    1.5238925081E-22
 1050.000000    4.1429795704E-03    1.6709795112E-22
 1051.000000    4.6381117303E-03    1.8706801567E-22
 1052.000000    5.4458940944E-03    2.1964813722E-22
 1053.000000    6.1270489162E-03    2.4712101590E-22
 1054.000000    6.4523514243E-03    2.6024137570E-22
 1055.000000    7.5187319806E-03    3.0325148546E-22
 1056.000000    8.3161776372E-03    3.3541469870E-22
 1057.000000    9.2764471697E-03    3.7414505415E-22
 1058.000000    1.0053322208E-02    4.0547859681E-22
 1059.000000    1.1122409378E-02    4.4859787191E-22
 1060.000000    1.3954702955E-02    5.6283219180E-22
 1061.000000    1.4050704182E-02    5.6670418974E-22
 1062.000000    1.4939377642E-02    6.0254687540E-22
 1063.000000    2.0085904616E-02    8.1012069952E-22
 1064.000000    1.9655121467E-02    7.9274601053E-22
 1065.000000    1.9766965486E-02    7.9725699255E-22
 1066.000000    2.6484161801E-02    1.0681803033E-21
 1067.000000    2.6646015467E-02    1.0747083142E-21
 1068.000000    2.5995490881E-02    1.0484708386E-21
 1069.000000    3.2789199165E-02    1.3224800910E-21
 1070.000000    3.5202996743E-02    1.4198352970E-21
 1071.000000    3.8781820766E-02    1.5641792774E-21
 1072.000000    4.0679429385E-02    1.6407151393E-21
 1073.000000    4.4018682264E-02    1.7753965455E-21
 1074.000000    5.1227599320E-02    2.0661523287E-21
 1075.000000    5.5729819861E-02    2.2477394727E-21
 1076.000000    5.4633722365E-02    2.2035307957E-21
 1077.000000    6.4305009257E-02    2.5936008399E-21
 1078.000000    7.1536820948E-02    2.8852800277E-21
 1079.000000    6.8751191023E-02    2.7729277834E-21
 1080.000000    7.7502245840E-02    3.1258822948E-21
 1081.000000    8.6206682348E-02    3.4769565595E-21
 1082.000000    9.6007394772E-02    3.8722466973E-21
 1083.000000    9.4360842025E-02    3.8058366208E-21
 1084.000000    1.0437306477E-01    4.2096575613E-21
 1085.000000    1.1960015559E-01    4.8238087136E-21
 1086.000000    1.2785989399E-01    5.1569470601E-21
 1087.000000    1.3366644019E-01    5.3911413054E-21
 1088.000000    1.3572802692E-01    5.4742908629E-21
 1089.000000    1.5022483705E-01    6.0589877530E-21
 1090.000000    1.6278355299E-01    6.5655158848E-21
 1091.000000    1.6632195231E-01    6.7082294241E-21
 1092.000000    1.7660365397E-01    7.1229192028E-21
 1093.000000    2.2604680475E-01    9.1170997317E-21
 1094.000000    1.9928335921E-01    8.0376551345E-21
 1095.000000    1.9883642369E-01    8.0196289753E-21
 1096.000000    2.3715356243E-01    9.5650663271E-21
 1097.000000    2.4922346274E-01    1.0051879158E-20
 1098.000000    2.5046605815E-01    1.0101996505E-20
 1099.000000    2.6351839813E-01    1.0628433875E-20
 1100.000000    2.9894382830E-01    1.2057240534E-20
 1101.000000    2.8681676645E-01    1.1568122219E-20
 1102.000000    3.1925370686E-01    1.2876394729E-20
 1103.000000    3.4333159699E-01    1.3847523367E-20
 1104.000000    3.3055601521E-01    1.3332248429E-20
 1105.000000    3.7788078391E-01    1.5240988686E-20
 1106.000000    4.1083547114E-01    1.6570143373E-20
 1107.000000    3.5533591219E-01    1.4331690967E-20
 1108.000000    4.2590724545E-01    1.7178030176E-20
 1109.000000    5.0807793435E-01    2.0492203834E-20
 1110.000000    3.9847097159E-01    1.6071448531E-20
 1111.000000    4.4520024720E-01    1.7956170886E-20
 1112.000000    5.6322209876E-01    2.2716322185E-20
 1113.000000    5.3468138050E-01    2.1565195209E-20
 1114.000000    4.7126813770E-01    1.9007561804E-20
 1115.000000    6.1306576230E-01    2.4726656514E-20
 1116.000000    6.9796458244E-01    2.8150863333E-20
 1117.000000    5.7260652501E-01    2.3094822337E-20
 1118.000000    6.4606766144E-01    2.6057715389E-20
 1119.000000    8.0567338478E-01    3.2495060518E-20
 1120.000000    6.3098853127E-01    2.5449531904E-20
 1121.000000    7.2353944015E-01    2.9182368860E-20
 1122.000000    8.8985781942E-01    3.5890454173E-20
 1123.000000    7.8377060054E-01    3.1611659983E-20
 1124.000000    7.5732780708E-01    3.0545148181E-20
 1125.000000    1.0328405085E+00    4.1657345848E-20
 1126.000000    1.0953745550E+00    4.4179518808E-20
 1127.000000    7.5625250995E-01    3.0501778441E-20
 1128.000000    1.0009866316E+00    4.0372589918E-20
 1129.000000    1.3772652159E+00    5.5548957416E-20
 1130.000000    9.3864938407E-01    3.7858354412E-20
 1131.000000    9.2518652744E-01    3.7315359757E-20
 1132.000000    1.3552421055E+00    5.4660703788E-20
 1133.000000    1.3895857226E+00    5.6045877900E-20
 1134.000000    9.7710825012E-01    3.9409508022E-20
 1135.000000    1.1395804033E+00    4.5962464282E-20
 1136.000000    1.6473756532E+00    6.6443266660E-20
 1137.000000    1.1933254002E+00    4.8130150296E-20
 1138.000000    1.1269888318E+00    4.5454610994E-20
 1139.000000    1.2380650049E+00    4.9934623658E-20
 1140.000000    1.3781794775E+00    5.5585832142E-20
 1141.000000    1.1689162888E+00    4.7145662576E-20
 1142.000000    1.0798656594E+00    4.3554001678E-20
 1143.000000    1.1121065129E+00    4.4854365456E-20
 1144.000000    1.1261354243E+00    4.5420190684E-20
 1145.000000    8.7557635465E-01    3.5314442764E-20
 1146.000000    8.2023686699E-01    3.3082446480E-20
 1147.000000    9.2226955403E-01    3.7197710063E-20
 1148.000000    6.2673391932E-01    2.5277931507E-20
 1149.000000    6.0968089912E-01    2.4590135516E-20
 1150.000000    5.7470599817E-01    2.3179499961E-20
 1151.000000    5.2552285551E-01    2.1195806286E-20
 1152.000000    5.2442263958E-01    2.1151431501E-20
 1153.000000    5.9162510116E-01    2.3861894695E-20
 1154.000000    6.8854226379E-01    2.7770834874E-20
 1155.000000    7.3284142646E-01    2.9557543979E-20
 1156.000000    1.0810500500E+00    4.3601771464E-20
 1157.000000    1.0581098270E+00    4.2676528122E-20
 1158.000000    1.2379708204E+00    4.9930824932E-20
 1159.000000    1.3264649749E+00    5.3500041643E-20
 1160.000000    1.4161562560E+00    5.7117541811E-20
 1161.000000    1.3463228661E+00    5.4300965922E-20
 1162.000000    1.3271204226E+00    5.3526477678E-20
 1163.000000    1.6936117283E+00    6.8308096861E-20
 1164.000000    1.5089694352E+00    6.0860956865E-20
 1165.000000    1.3663954935E+00    5.5110551114E-20
 1166.000000    1.6180002732E+00    6.5258475443E-20
 1167.000000    1.5854794774E+00    6.3946820810E-20
 1168.000000    1.3060053822E+00    5.2674849058E-20
 1169.000000    1.3739035144E+00    5.5413370590E-20
 1170.000000    1.5491533803E+00    6.2481687735E-20
 1171.000000    1.2270253668E+00    4.9489364182E-20
 1172.000000    1.1342918662E+00    4.5749162791E-20
 1173.000000    1.2523896478E+00    5.0512376563E-20
 1174.000000    1.1091838197E+00    4.4736485067E-20
 1175.000000    9.7744892652E-01    3.9423248454E-20
 1176.000000    1.0822481078E+00    4.3650092487E-20
 1177.000000    1.1086600596E+00    4.4715360359E-20
 1178.000000    7.8232410820E-01    3.1553318902E-20
 1179.000000    8.1366365211E-01    3.2817330343E-20
 1180.000000    9.0831734549E-01    3.6634978478E-20
 1181.000000    6.8809591832E-01    2.7752832514E-20
 1182.000000    6.8047995914E-01    2.7445659583E-20
 1183.000000    8.3645138319E-01    3.3736423259E-20
 1184.000000    7.0422485498E-01    2.8403357630E-20
 1185.000000    5.5851194471E-01    2.2526348501E-20
 1186.000000    6.1448016118E-01    2.4783703176E-20
 1187.000000    7.2090956640E-01    2.9076298697E-20
 1188.000000    5.4402500599E-01    2.1942049753E-20
 1189.000000    5.3607896251E-01    2.1621563600E-20
 1190.000000    6.4605759328E-01    2.6057309312E-20
 1191.000000    5.2142426710E-01    2.1030498755E-20
 1192.000000    4.7188023844E-01    1.9032249538E-20
 1193.000000    5.0772634874E-01    2.0478023403E-20
 1194.000000    4.7858923305E-01    1.9302842052E-20
 1195.000000    4.5316550513E-01    1.8277432012E-20
 1196.000000    4.5527320919E-01    1.8362441610E-20
 1197.000000    4.5579324569E-01    1.8383416137E-20
 1198.000000    3.8874158874E-01    1.5679035315E-20
 1199.000000    4.1100964248E-01    1.6577168190E-20
 1200.000000    4.1815563737E-01    1.6865386147E-20
 1201.000000    3.2067783562E-01    1.2933833824E-20
 1202.000000    3.4251212155E-01    1.3814471631E-20
 1203.000000    3.6864776488E-01    1.4868595210E-20
 1204.000000    3.1367618169E-01    1.2651437543E-20
 1205.000000    2.6801406813E-01    1.0809756817E-20
 1206.000000    3.0357339464E-01    1.2243963890E-20
 1207.000000    2.6435329668E-01    1.0662107668E-20
 1208.000000    2.5798019895E-01    1.0405062816E-20
 1209.000000    2.4167613204E-01    9.7474742059E-21
 1210.000000    2.2754446898E-01    9.1775047183E-21
 1211.000000    2.0479873832E-01    8.2601057966E-21
 1212.000000    2.0066066950E-01    8.0932059098E-21
 1213.000000    1.9992449787E-01    8.0635140495E-21
 1214.000000    1.8152203189E-01    7.3212911374E-21
 1215.000000    1.7567960264E-01    7.0856496285E-21
 1216.000000    1.4339431320E-01    5.7834936260E-21
 1217.000000    1.3329762979E-01    5.3762661505E-21
 1218.000000    1.4921936859E-01    6.0184343985E-21
 1219.000000    1.3879643784E-01    5.5980484557E-21
 1220.000000    1.2249726595E-01    4.9406572758E-21
 1221.000000    9.5726159949E-02    3.8609037105E-21
 1222.000000    1.0224119403E-01    4.1236732530E-21
 1223.000000    9.7008981214E-02    3.9126434793E-21
 1224.000000    9.3606872068E-02    3.7754269041E-21
 1225.000000    8.6286945047E-02    3.4801937785E-21
 1226.000000    7.5704949554E-02    3.0533923098E-21
 1227.000000    6.7861419381E-02    2.7370408050E-21
 1228.000000    5.8652989725E-02    2.3656390874E-21
 1229.000000    5.9386806966E-02    2.3952359887E-21
 1230.000000    5.3851210803E-02    2.1719699162E-21
 1231.000000    4.7599339836E-02    1.9198144780E-21
 1232.000000    4.2276721302E-02    1.7051383888E-21
 1233.000000    4.1973623274E-02    1.6929135978E-21
 1234.000000    3.7347387801E-02    1.5063245848E-21
 1235.000000    3.2650528222E-02    1.3168871041E-21
 1236.000000    2.9470505798E-02    1.1886279074E-21
 1237.000000    2.9123413017E-02    1.1746286850E-21
 1238.000000    2.5043361977E-02    1.0100688175E-21
 1239.000000    2.1803475812E-02    8.7939514871E-22
 1240.000000    2.1713912765E-02    8.7578282058E-22
 1241.000000    1.9149798982E-02    7.7236494165E-22
 1242.000000    1.6569286539E-02    6.6828565891E-22
 1243.000000    1.4522461037E-02    5.8573146288E-22
 1244.000000    1.4228465302E-02    5.7387379280E-22
 1245.000000    1.2222699900E-02    4.9297566540E-22
 1246.000000    1.0627769599E-02    4.2864766643E-22
 1247.000000    9.9566848306E-03    4.0158094117E-22
 1248.000000    8.9134429491E-03    3.5950407886E-22
 1249.000000    7.7804070137E-03    3.1380557127E-22
 1250.000000    6.7517768637E-03    2.7231804096E-22
 1251.000000    6.2862788170E-03    2.5354320306E-22
 1252.000000    5.4305306501E-03    2.1902848655E-22
 1253.000000    4.6572941456E-03    1.8784169612E-22
 1254.000000    4.2421259353E-03    1.7109680126E-22
 1255.000000    3.7826317751E-03    1.5256411689E-22
 1256.000000    3.1554528634E-03    1.2726823759E-22
 1257.000000    2.7222901110E-03    1.0979757254E-22
 1258.000000    2.5806628728E-03    1.0408534998E-22
 1259.000000    2.1941088689E-03    8.8494546083E-23
 1260.000000    1.8699728398E-03    7.5421233648E-23
 1261.000000    1.7607234229E-03    7.1014899168E-23
 1262.000000    1.5483547610E-03    6.2449477185E-23
 1263.000000    1.3415133404E-03    5.4106984302E-23
 1264.000000    1.1457721232E-03    4.6212193658E-23
 1265.000000    1.0547528975E-03    4.2541133771E-23
 1266.000000    8.7970374290E-04    3.5480911873E-23
 1267.000000    7.5376360146E-04    3.0401393802E-23
 1268.000000    6.9533908106E-04    2.8044969521E-23
 1269.000000    6.0852828650E-04    2.4543647427E-23
 1270.000000    5.3942476880E-04    2.1756509323E-23
 1271.000000    5.3082230712E-04    2.1409547988E-23
 1272.000000    4.6478737160E-04    1.8746174385E-23
 1273.000000    3.9637862456E-04    1.5987058325E-23
 1274.000000    3.6858918326E-04    1.4866232449E-23
 1275.000000    3.5645322345E-04    1.4376755255E-23
 1276.000000    3.6462279620E-04    1.4706256968E-23
 1277.000000    3.7884282301E-04    1.5279790413E-23
 1278.000000    3.7068372927E-04    1.4950711347E-23
 1279.000000    2.9255066473E-04    1.1799386370E-23
 1280.000000    2.7036778860E-04    1.0904688946E-23
 1281.000000    2.6702548520E-04    1.0769884503E-23
 1282.000000    2.7604952030E-04    1.1133849073E-23
 1283.000000    3.2486961109E-04    1.3102899850E-23
 1284.000000    4.6535249783E-04    1.8768967506E-23
 1285.000000    5.4579740282E-04    2.2013535473E-23
 1286.000000    4.4756470943E-04    1.8051536260E-23
 1287.000000    4.7847887781E-04    1.9298391116E-23
 1288.000000    5.5223473431E-04    2.2273171053E-23
 1289.000000    6.5938738072E-04    2.6594936914E-23
 1290.000000    7.9149265039E-04    3.1923111847E-23
 1291.000000    1.1864941542E-03    4.7854627042E-23
 1292.000000    1.4664821776E-03    5.9147326955E-23
 1293.000000    1.6017755562E-03    6.4604087238E-23
 1294.000000    2.0933311308E-03    8.4429898104E-23
 1295.000000    3.1897991588E-03    1.2865351973E-22
 1296.000000    5.5152733033E-03    2.2244639472E-22
 1297.000000    7.2600767487E-03    2.9281919668E-22
 1298.000000    9.8511353651E-03    3.9732383607E-22
 1299.000000    1.3052036778E-02    5.2642514075E-22
 1300.000000    1.6323506370E-02    6.5837265745E-22
 1301.000000    2.0837135324E-02    8.4041993467E-22
 1302.000000    2.5473538554E-02    1.0274190417E-21
 1303.000000    3.3241191444E-02    1.3407102035E-21
 1304.000000    4.1354206615E-02    1.6679307918E-21
 1305.000000    5.1844311079E-02    2.0910260384E-21
 1306.000000    6.7721016407E-02    2.7313779604E-21
 1307.000000    8.3118320667E-02    3.3523942969E-21
 1308.000000    1.0243534487E-01    4.1315038992E-21
 1309.000000    1.2613612659E-01    5.0874227009E-21
 1310.000000    1.5681814158E-01    6.3249141618E-21
 1311.000000    1.8380028578E-01    7.4131794876E-21
 1312.000000    2.3032981579E-01    9.2898455439E-21
 1313.000000    2.7917570038E-01    1.1259936657E-20
 1314.000000    3.2573392053E-01    1.3137759867E-20
 1315.000000    4.0008882182E-01    1.6136700955E-20
 1316.000000    4.7204885874E-01    1.9039050467E-20
 1317.000000    5.5926593441E-01    2.2556759014E-20
 1318.000000    6.7071898222E-01    2.7051972089E-20
 1319.000000    7.9376092451E-01    3.2014597685E-20
 1320.000000    9.0928555938E-01    3.6674029252E-20
 1321.000000    1.1236935092E+00    4.5321701418E-20
 1322.000000    1.2566019997E+00    5.0682272492E-20
 1323.000000    1.4761945602E+00    5.9539054506E-20
 1324.000000    1.7649935029E+00    7.1187123435E-20
 1325.000000    1.9380620685E+00    7.8167462640E-20
 1326.000000    2.3428809284E+00    9.4494939255E-20
 1327.000000    2.6494957484E+00    1.0686157234E-19
 1328.000000    2.9636304553E+00    1.1953150348E-19
 1329.000000    3.5557286229E+00    1.4341247827E-19
 1330.000000    3.8524882071E+00    1.5538162213E-19
 1331.000000    4.4239508145E+00    1.7843030707E-19
 1332.000000    5.0399744287E+00    2.0327626203E-19
 1333.000000    5.5568241908E+00    2.2412225820E-19
 1334.000000    6.2089929912E+00    2.5042604959E-19
 1335.000000    7.0704433427E+00    2.8517075114E-19
 1336.000000    7.4936486611E+00    3.0223980505E-19
 1337.000000    8.4599104811E+00    3.4121184621E-19
 1338.000000    9.4200895688E+00    3.7993855378E-19
 1339.000000    9.9506014652E+00    4.0133558203E-19
 1340.000000    1.0894017204E+01    4.3938617687E-19
 1341.000000    1.2148826478E+01    4.8999614373E-19
 1342.000000    1.2400013403E+01    5.0012721479E-19
 1343.000000    1.3419758775E+01    5.4125639717E-19
 1344.000000    1.4641151437E+01    5.9051857860E-19
 1345.000000    1.4228313185E+01    5.7386765749E-19
 1346.000000    1.4060127163E+01    5.6708424493E-19
 1347.000000    1.5213141158E+01    6.1358852352E-19
 1348.000000    1.4656497996E+01    5.9113754824E-19
 1349.000000    1.4309479153E+01    5.7714130795E-19
 1350.000000    1.4700042788E+01    5.9289383147E-19
 1351.000000    1.4518758904E+01    5.8558214551E-19
 1352.000000    1.3439739640E+01    5.4206228131E-19
 1353.000000    1.2969264625E+01    5.2308670839E-19
 1354.000000    1.3164170678E+01    5.3094781452E-19
 1355.000000    1.2237242032E+01    4.9356219026E-19
 1356.000000    1.2152248037E+01    4.9013414475E-19
 1357.000000    1.2839072936E+01    5.1783571349E-19
 1358.000000    1.4693105882E+01    5.9261404667E-19
 1359.000000    1.6757462042E+01    6.7587530317E-19
 1360.000000    1.9636509984E+01    7.9199535738E-19
 1361.000000    2.0297048140E+01    8.1863670825E-19
 1362.000000    1.1297509942E+01    4.5566016729E-19
 1363.000000    4.8117170474E+00    1.9407000356E-19
 1364.000000    4.6429372399E+00    1.8726264196E-19
 1365.000000    5.7022075200E+00    2.2998597440E-19
 1366.000000    7.2764545625E+00    2.9347975971E-19
 1367.000000    9.7852654553E+00    3.9466711842E-19
 1368.000000    1.2727085211E+01    5.1331893538E-19
 1369.000000    1.4915200585E+01    6.0157174709E-19
 1370.000000    1.6352963744E+01    6.5956075571E-19
 1371.000000    1.7010408412E+01    6.8607733756E-19
 1372.000000    1.7851080270E+01    7.1998398438E-19
 1373.000000    1.9044903835E+01    7.6813422708E-19
 1374.000000    1.9179244105E+01    7.7355254583E-19
 1375.000000    1.8394579702E+01    7.4190483630E-19
 1376.000000    1.7427983260E+01    7.0291929886E-19
 1377.000000    1.6492172761E+01    6.6517544464E-19
 1378.000000    1.5471467398E+01    6.2400754315E-19
 1379.000000    1.4482599753E+01    5.8412374582E-19
 1380.000000    1.3414883007E+01    5.4105974380E-19
 1381.000000    1.2140925305E+01    4.8967746730E-19
 1382.000000    1.0666158976E+01    4.3019601736E-19
 1383.000000    9.2393976549E+00    3.7265074361E-19
 1384.000000    7.8833469159E+00    3.1795742538E-19
 1385.000000    6.6895711907E+00    2.6980911222E-19
 1386.000000    5.6498345131E+00    2.2787362459E-19
 1387.000000    4.7054089309E+00    1.8978229995E-19
 1388.000000    3.8722946950E+00    1.5618047317E-19
 1389.000000    3.1261215189E+00    1.2608522245E-19
 1390.000000    2.4837987450E+00    1.0017854885E-19
 1391.000000    1.9565283545E+00    7.8912259592E-20
 1392.000000    1.5216149278E+00    6.1370984942E-20
 1393.000000    1.1678694831E+00    4.7103441976E-20
 1394.000000    8.8895514671E-01    3.5854046859E-20
 1395.000000    6.7172168018E-01    2.7092413702E-20
 1396.000000    4.9628054301E-01    2.0016382052E-20
 1397.000000    3.6166054113E-01    1.4586780938E-20
 1398.000000    2.6738208130E-01    1.0784267021E-20
 1399.000000    1.9882214788E-01    8.0190531918E-21
 1400.000000    1.4815086272E-01    5.9753385690E-21
 1401.000000    1.1241005064E-01    4.5338116752E-21
 1402.000000    8.3276509508E-02    3.3587744952E-21
 1403.000000    6.1433275182E-02    2.4777757744E-21
 1404.000000    4.6297895528E-02    1.8673235898E-21
 1405.000000    3.5351692404E-02    1.4258326089E-21
 1406.000000    2.6840163134E-02    1.0825388325E-21
 1407.000000    2.2606555855E-02    9.1178561250E-22
 1408.000000    1.6182030245E-02    6.5266652969E-22
 1409.000000    1.2524897379E-02    5.0516413476E-22
 1410.000000    1.0421183356E-02    4.2031546557E-22
 1411.000000    9.5716497840E-03    3.8605140106E-22
 1412.000000    1.0357983638E-02    4.1776644423E-22
 1413.000000    7.9092913150E-03    3.1900383554E-22
 1414.000000    6.9772617524E-03    2.8141247704E-22
 1415.000000    4.8756938245E-03    1.9665036588E-22
 1416.000000    4.0010990078E-03    1.6137551129E-22
 1417.000000    4.1752844221E-03    1.6840089612E-22
 1418.000000    4.3681287949E-03    1.7617884893E-22
 1419.000000    4.6126651588E-03    1.8604168428E-22
 1420.000000    4.5933150408E-03    1.8526123992E-22
 1421.000000    4.2394963534E-03    1.7099074287E-22
 1422.000000    5.3766669618E-03    2.1685601338E-22
 1423.000000    2.8681115898E-03    1.1567896054E-22
 1424.000000    2.9249035250E-03    1.1796953809E-22
 1425.000000    3.1854286525E-03    1.2847724499E-22
 1426.000000    3.5557408330E-03    1.4341297074E-22
 1427.000000    3.0077887861E-03    1.2131253245E-22
 1428.000000    2.5339697370E-03    1.0220208525E-22
 1429.000000    2.4386295879E-03    9.8356750438E-23
 1430.000000    2.5783852522E-03    1.0399348718E-22
 1431.000000    3.0342399598E-03    1.2237938224E-22
 1432.000000    3.1793596165E-03    1.2823246380E-22
 1433.000000    2.5175615580E-03    1.0154029751E-22
 1434.000000    1.9853911671E-03    8.0076377533E-23
 1435.000000    1.7103327208E-03    6.8982501247E-23
 1436.000000    1.6923729427E-03    6.8258133176E-23
 1437.000000    1.8504678740E-03    7.4634543837E-23
 1438.000000    2.0323721980E-03    8.1971253881E-23
 1439.000000    1.9896751307E-03    8.0249161764E-23
 1440.000000    1.5465115028E-03    6.2375133431E-23
 1441.000000    1.4640104056E-03    5.9047633480E-23
 1442.000000    1.5666447138E-03    6.3187162129E-23
 1443.000000    1.3858134674E-03    5.5893732298E-23
 1444.000000    1.4514361917E-03    5.8540480272E-23
 1445.000000    1.4701325098E-03    5.9294555063E-23
 1446.000000    1.0794798301E-03    4.3538440104E-23
 1447.000000    1.0270827585E-03    4.1425119690E-23
 1448.000000    1.0006494199E-03    4.0358989228E-23
 1449.000000    1.0491630360E-03    4.2315679025E-23
 1450.000000    1.1262501438E-03    4.5424817640E-23
 1451.000000    1.0913694965E-03    4.4017983598E-23
 1452.000000    8.7024273834E-04    3.5099323103E-23
 1453.000000    7.5188477321E-04    3.0325615404E-23
 1454.000000    7.2117054891E-04    2.9086824852E-23
 1455.000000    7.7934466687E-04    3.1433149702E-23
 1456.000000    8.2226950863E-04    3.3164428601E-23
 1457.000000    7.4629313095E-04    3.0100088836E-23
 1458.000000    6.1995687760E-04    2.5004594464E-23
 1459.000000    5.6993330344E-04    2.2987003836E-23
 1460.000000    5.6685530529E-04    2.2862859564E-23
 1461.000000    5.8443887516E-04    2.3572054106E-23
 1462.000000    6.1174932075E-04    2.4673560745E-23
 1463.000000    4.6598302925E-04    1.8794398601E-23
 1464.000000    4.4715519427E-04    1.8035019368E-23
 1465.000000    4.2750708185E-04    1.7242556052E-23
 1466.000000    4.0556528198E-04    1.6357581907E-23
 1467.000000    4.2489915021E-04    1.7137370877E-23
 1468.000000    4.3699725636E-04    1.7625321327E-23
 1469.000000    3.3183588797E-04    1.3383869277E-23
 1470.000000    3.2086184878E-04    1.2941255589E-23
 1471.000000    3.3612126266E-04    1.3556710421E-23
 1472.000000    3.0355965968E-04    1.2243409921E-23
 1473.000000    3.0343979378E-04    1.2238575394E-23
 1474.000000    2.8662239568E-04    1.1560282702E-23
 1475.000000    2.5266941403E-04    1.0190864009E-23
 1476.000000    2.2553403926E-04    9.0964184657E-24
 1477.000000    2.2293715957E-04    8.9916790462E-24
 1478.000000    2.3920369380E-04    9.6477538580E-24
 1479.000000    2.1590895377E-04    8.7082118531E-24
 1480.000000    1.7180752954E-04    6.9294780929E-24
 1481.000000    1.7465563879E-04    7.0443503032E-24
 1482.000000    1.7368084550E-04    7.0050341640E-24
 1483.000000    1.6777215526E-04    6.7667201643E-24
 1484.000000    1.5534908917E-04    6.2656631701E-24
 1485.000000    1.4488612697E-04    5.8436626469E-24
 1486.000000    1.3989268320E-04    5.6422630963E-24
 1487.000000    1.1650957987E-04    4.6991571526E-24
 1488.000000    1.1527918751E-04    4.6495319882E-24
 1489.000000    1.1947712466E-04    4.8188465322E-24
 1490.000000    1.1125432677E-04    4.4871980999E-24
 1491.000000    9.8433757384E-05    3.9701086863E-24
 1492.000000    8.7985583710E-05    3.5487046258E-24
 1493.000000    8.6545346953E-05    3.4906158500E-24
 1494.000000    8.5383245762E-05    3.4437450593E-24
 1495.000000    7.8536843426E-05    3.1676105085E-24
 1496.000000    6.8856850921E-05    2.7771893425E-24
 1497.000000    6.4993404186E-05    2.6213657323E-24
 1498.000000    6.2191826505E-05    2.5083702704E-24
 1499.000000    6.2486707456E-05    2.5202636437E-24
 1500.000000    5.9464687390E-05    2.3983771240E-24
